924 924
928 928
933 933
937 937
941 941
945 945
948 948
951 951
954 954
957 957
960 960
963 963
966 966
969 969
972 972
975 975
978 978
980 980
982 982
984 984
986 986
988 988
990 990
993 993
995 995
997 997
999 999
1001 1001
1002 1002
1003 1003
1004 1004
1005 1005
1006 1006
1007 1007
1008 1008
1009 1009
1011 1011
1012 1012
1013 1013
1014 1014
1015 1015
1016 1016
1017 1017
1019 1019
1020 1020
1021 1021
1022 1022
1023 1023
1024 1024
1025 1025
1027 1027
1028 1028
1029 1029
1030 1030
1030 1030
1030 1030
1031 1031
1032 1032
1033 1033
1034 1034
1035 1035
928 1035
933 1035
937 1035
941 1035
945 1035
948 1035
951 1035
954 1035
957 1035
960 1035
963 1035
966 1035
969 1035
972 1035
975 1035
978 1035
980 1035
982 1035
984 1035
986 1035
988 1035
990 1035
993 1035
995 1035
997 1035
999 1035
1001 1035
1002 1035
1003 1035
1004 1035
1005 1035
1006 1035
1007 1035
1008 1035
1009 1035
1011 1035
1012 1035
1013 1035
1014 1035
1015 1035
1016 1035
1017 1035
1019 1035
1020 1035
1021 1035
1022 1035
1023 1035
1024 1035
1025 1035
1027 1035
1028 1035
1029 1035
1030 1035
1030 1035
1030 1035
1031 1035
1032 1035
1033 1035
1034 1035
1035 1035
928 1035
933 1035
937 1035
941 1035
945 1035
948 1035
951 1035
954 1035
957 1035
960 1035
963 1035
966 1035
969 1035
972 1035
975 1035
978 1035
980 1035
982 1035
984 1035
986 1035
988 1035
990 1035
993 1035
995 1035
997 1035
999 1035
1001 1035
1002 1035
1003 1035
1004 1035
1005 1035
1006 1035
1007 1035
1008 1035
1009 1035
1011 1035
1012 1035
1013 1035
1014 1035
1015 1035
1016 1035
1017 1035
1019 1035
1020 1035
1021 1035
1022 1035
1023 1035
1024 1035
1025 1035
1027 1035
1028 1035
1029 1035
1030 1035
1030 1035
1030 1035
1031 1035
1032 1035
1033 1035
1034 1035
1035 1035
928 1035
933 1035
937 1035
941 1035
945 1035
948 1035
951 1035
954 1035
957 1035
960 1035
963 1035
966 1035
969 1035
972 1035
975 1035
978 1035
980 1035
982 1035
984 1035
986 1035
988 1035
990 1035
993 1035
995 1035
997 1035
999 1035
1001 1035
1002 1035
1003 1035
1004 1035
1005 1035
1006 1035
1007 1035
1008 1035
1009 1035
1011 1035
1012 1035
1013 1035
1014 1035
1015 1035
1016 1035
1017 1035
1019 1035
1020 1035
1021 1035
1022 1035
1023 1035
1024 1035
1025 1035
1027 1035
1028 1035
1029 1035
1030 1035
1030 1035
1030 1035
1031 1035
1032 1035
1033 1035
1034 1035
1035 1035
928 1035
933 1035
937 1035
941 1035
945 1035
948 1035
951 1035
954 1035
957 1035
960 1035
963 1035
966 1035
969 1035
972 1035
975 1035
978 1035
980 1035
982 1035
984 1035
986 1035
988 1035
990 1035
993 1035
995 1035
997 1035
999 1035
1001 1035
1002 1035
1003 1035
1004 1035
1005 1035
1006 1035
1007 1035
1008 1035
1009 1035
1011 1035
1012 1035
1013 1035
1014 1035
1015 1035
1016 1035
1017 1035
1019 1035
1020 1035
1021 1035
1022 1035
1023 1035
1024 1035
1025 1035
1027 1035
1028 1035
1029 1035
1030 1035
1030 1035
1030 1035
1031 1035
1032 1035
1033 1035
1034 1035
1035 1035
928 1035
933 1035
937 1035
941 1035
945 1035
948 1035
951 1035
954 1035
957 1035
960 1035
963 1035
966 1035
969 1035
972 1035
975 1035
978 1035
980 1035
982 1035
984 1035
986 1035
988 1035
990 1035
993 1035
995 1035
997 1035
999 1035
1001 1035
1002 1035
1003 1035
1004 1035
1005 1035
1006 1035
1007 1035
1008 1035
1009 1035
1011 1035
1012 1035
1013 1035
1014 1035
1015 1035
1016 1035
1017 1035
1019 1035
1020 1035
1021 1035
1022 1035
1023 1035
1024 1035
1025 1035
1027 1035
1028 1035
1029 1035
1030 1035
1030 1035
1030 1035
1031 1035
1032 1035
1033 1035
1034 1035
1035 1035
928 1035
933 1035
937 1035
941 1035
945 1035
948 1035
951 1035
954 1035
957 1035
960 1035
963 1035
966 1035
969 1035
972 1035
975 1035
978 1035
980 1035
982 1035
984 1035
986 1035
988 1035
990 1035
993 1035
995 1035
997 1035
999 1035
1001 1035
1002 1035
1003 1035
1004 1035
1005 1035
1006 1035
1007 1035
1008 1035
1009 1035
1011 1035
1012 1035
1013 1035
1014 1035
1015 1035
1016 1035
1017 1035
1019 1035
1020 1035
1021 1035
1022 1035
1023 1035
1024 1035
1025 1035
1027 1035
1028 1035
1029 1035
1030 1035
1030 1035
1030 1035
1031 1035
1032 1035
1033 1035
1034 1035
1035 1035
