955 955
930 955
930 955
935 955
940 955
945 955
950 955
955 955
958 958
961 961
964 964
967 967
970 970
973 973
976 976
979 979
982 982
985 985
988 988
990 990
992 992
994 994
996 996
998 998
1000 1000
1002 1002
1004 1004
1006 1006
1008 1008
1010 1010
1012 1012
1013 1013
1015 1015
1016 1016
1017 1017
1018 1018
1019 1019
1020 1020
1021 1021
1022 1022
1023 1023
1024 1024
1025 1025
1026 1026
1028 1028
1029 1029
1031 1031
1032 1032
1033 1033
1035 1035
1036 1036
1037 1037
1038 1038
1039 1039
1040 1040
1041 1041
940 1041
940 1041
945 1041
950 1041
954 1041
958 1041
962 1041
966 1041
969 1041
972 1041
975 1041
978 1041
981 1041
984 1041
987 1041
990 1041
992 1041
994 1041
996 1041
998 1041
1000 1041
1002 1041
1004 1041
1006 1041
1008 1041
1010 1041
1012 1041
1014 1041
1016 1041
1017 1041
1018 1041
1020 1041
1021 1041
1022 1041
1024 1041
1025 1041
1026 1041
1027 1041
1028 1041
1029 1041
1030 1041
1031 1041
1032 1041
1033 1041
1034 1041
1035 1041
1036 1041
1037 1041
1038 1041
1039 1041
1040 1041
1041 1041
937 1041
937 1041
941 1041
945 1041
949 1041
952 1041
956 1041
959 1041
962 1041
965 1041
968 1041
971 1041
974 1041
977 1041
980 1041
982 1041
984 1041
986 1041
988 1041
990 1041
992 1041
994 1041
996 1041
998 1041
1000 1041
1002 1041
1004 1041
1006 1041
1008 1041
1010 1041
1011 1041
1012 1041
1013 1041
1014 1041
1015 1041
1016 1041
1017 1041
1018 1041
1019 1041
1021 1041
1022 1041
1023 1041
1024 1041
1025 1041
1026 1041
1027 1041
1028 1041
1029 1041
1030 1041
1031 1041
1032 1041
1033 1041
1034 1041
1035 1041
1036 1041
1037 1041
1038 1041
953 1041
953 1041
958 1041
962 1041
965 1041
968 1041
971 1041
974 1041
977 1041
980 1041
982 1041
984 1041
986 1041
988 1041
990 1041
992 1041
994 1041
996 1041
998 1041
1000 1041
1003 1041
1006 1041
1008 1041
1010 1041
1012 1041
1013 1041
1014 1041
1015 1041
1016 1041
1017 1041
1018 1041
1019 1041
1020 1041
1021 1041
1022 1041
1023 1041
1024 1041
1025 1041
1026 1041
1028 1041
1029 1041
1030 1041
1031 1041
1032 1041
1033 1041
1034 1041
1035 1041
1037 1041
1038 1041
1039 1041
1040 1041
934 1041
934 1041
939 1041
944 1041
948 1041
952 1041
956 1041
960 1041
963 1041
966 1041
969 1041
972 1041
975 1041
978 1041
980 1041
983 1041
985 1041
987 1041
989 1041
991 1041
995 1041
997 1041
999 1041
1001 1041
1003 1041
1005 1041
1007 1041
1008 1041
1010 1041
1012 1041
1013 1041
1015 1041
1016 1041
1018 1041
1019 1041
1020 1041
1022 1041
1023 1041
1024 1041
1025 1041
1026 1041
1027 1041
1028 1041
1029 1041
1030 1041
1031 1041
1032 1041
1033 1041
