924 924
930 930
934 934
938 938
942 942
946 946
950 950
953 953
956 956
959 959
962 962
965 965
968 968
971 971
973 973
975 975
977 977
979 979
981 981
983 983
985 985
987 987
989 989
991 991
993 993
995 995
997 997
999 999
1001 1001
1003 1003
1005 1005
1007 1007
1009 1009
1010 1010
1011 1011
1013 1013
1014 1014
1015 1015
1016 1016
1017 1017
1018 1018
1019 1019
1020 1020
1021 1021
1022 1022
1023 1023
1024 1024
1026 1026
1027 1027
1028 1028
1029 1029
1030 1030
1031 1031
1032 1032
1033 1033
1034 1034
1035 1035
1036 1036
1037 1037
1037 1037
1037 1037
1037 1037
1038 1038
1038 1038
1038 1038
1038 1038
1038 1038
1038 1038
1039 1039
1039 1039
1039 1039
1039 1039
1040 1040
1040 1040
1040 1040
1040 1040
1040 1040
1040 1040
1040 1040
1040 1040
1040 1040
1040 1040
1040 1040
1040 1040
1040 1040
1040 1040
1040 1040
1040 1040
1040 1040
1040 1040
1040 1040
1040 1040
1040 1040
1040 1040
1040 1040
1040 1040
1040 1040
1040 1040
1040 1040
1040 1040
1040 1040
1040 1040
1040 1040
1040 1040
1040 1040
1040 1040
1040 1040
1041 1041
1041 1041
1041 1041
1041 1041
1041 1041
1041 1041
1041 1041
1041 1041
1041 1041
1042 1042
1042 1042
1042 1042
1042 1042
1042 1042
1042 1042
1042 1042
1041 1042
1040 1042
1040 1042
1040 1042
1040 1042
1040 1042
1040 1042
1040 1042
1040 1042
1040 1042
1040 1042
1040 1042
1040 1042
1040 1042
1040 1042
1041 1042
1041 1042
1041 1042
1041 1042
1042 1042
1042 1042
1043 1043
1043 1043
1043 1043
1043 1043
1043 1043
1044 1044
1044 1044
1044 1044
1044 1044
1044 1044
1044 1044
1044 1044
1044 1044
1044 1044
1044 1044
1044 1044
1044 1044
1044 1044
1045 1045
1045 1045
1045 1045
1045 1045
1045 1045
1045 1045
1045 1045
1045 1045
1046 1046
1046 1046
1046 1046
1046 1046
1047 1047
1047 1047
1047 1047
1047 1047
1047 1047
1047 1047
1047 1047
1047 1047
1047 1047
1048 1048
1048 1048
1048 1048
1048 1048
1048 1048
1048 1048
1048 1048
1048 1048
1048 1048
1048 1048
1048 1048
1048 1048
1048 1048
1048 1048
1048 1048
1048 1048
1048 1048
1048 1048
1048 1048
1048 1048
1048 1048
1048 1048
1048 1048
1048 1048
1048 1048
1048 1048
1048 1048
1048 1048
1048 1048
1048 1048
1048 1048
1048 1048
1048 1048
1048 1048
1047 1048
1047 1048
1047 1048
1047 1048
1047 1048
1047 1048
1047 1048
1048 1048
1048 1048
1048 1048
1048 1048
1048 1048
1048 1048
1049 1049
1049 1049
1049 1049
1049 1049
1049 1049
1049 1049
1049 1049
1049 1049
1049 1049
1049 1049
1049 1049
1049 1049
1048 1049
1047 1049
1047 1049
1047 1049
1047 1049
1047 1049
1047 1049
1047 1049
1047 1049
1047 1049
1048 1049
1049 1049
1049 1049
1049 1049
1049 1049
1049 1049
1049 1049
1049 1049
1049 1049
1049 1049
1049 1049
1049 1049
1049 1049
1049 1049
1049 1049
1049 1049
1049 1049
1049 1049
1049 1049
1049 1049
1049 1049
1049 1049
1049 1049
1049 1049
1049 1049
1049 1049
1050 1050
1050 1050
1050 1050
1050 1050
1050 1050
1050 1050
1050 1050
1050 1050
1050 1050
1050 1050
1050 1050
1050 1050
1050 1050
1050 1050
1050 1050
1050 1050
1050 1050
1050 1050
1050 1050
1050 1050
1050 1050
1050 1050
1050 1050
1051 1051
1051 1051
1051 1051
1051 1051
1051 1051
1051 1051
1051 1051
1051 1051
1051 1051
1051 1051
1051 1051
1052 1052
1052 1052
1052 1052
1052 1052
1052 1052
1052 1052
1052 1052
1052 1052
1052 1052
1052 1052
1052 1052
1053 1053
1053 1053
1054 1054
1055 1055
1055 1055
1055 1055
1055 1055
1055 1055
1055 1055
1055 1055
1055 1055
1055 1055
1055 1055
1055 1055
1055 1055
1055 1055
1055 1055
1055 1055
1055 1055
1055 1055
1055 1055
1055 1055
1055 1055
1055 1055
1055 1055
1055 1055
1055 1055
1055 1055
1055 1055
1055 1055
1056 1056
1056 1056
1056 1056
1056 1056
1056 1056
1056 1056
1055 1056
1055 1056
1055 1056
1055 1056
1055 1056
1055 1056
1055 1056
1054 1056
1054 1056
1053 1056
1053 1056
1053 1056
1053 1056
1053 1056
1053 1056
1053 1056
1053 1056
1053 1056
1053 1056
1053 1056
