924 924
928 928
933 933
937 937
941 941
945 945
948 948
951 951
954 954
957 957
960 960
963 963
966 966
969 969
972 972
975 975
978 978
980 980
982 982
984 984
986 986
988 988
990 990
993 993
995 995
997 997
999 999
1001 1001
1002 1002
1003 1003
1004 1004
1005 1005
1006 1006
1007 1007
1008 1008
1009 1009
1011 1011
1012 1012
1013 1013
1014 1014
1015 1015
1016 1016
1017 1017
1019 1019
1020 1020
1021 1021
1022 1022
1023 1023
1024 1024
1025 1025
1027 1027
1028 1028
1029 1029
1030 1030
1005 1030
1010 1030
1013 1030
1016 1030
1018 1030
1020 1030
1022 1030
1024 1030
1026 1030
1027 1030
1028 1030
1029 1030
1030 1030
1031 1031
1032 1032
1033 1033
1033 1033
1024 1033
1027 1033
1029 1033
1030 1033
1031 1033
1032 1033
1033 1033
1034 1034
1035 1035
1035 1035
1001 1035
1006 1035
1010 1035
1013 1035
1016 1035
1019 1035
1022 1035
1025 1035
1028 1035
1030 1035
1031 1035
1032 1035
1033 1035
1034 1035
1035 1035
1036 1036
1037 1037
1038 1038
1039 1039
1040 1040
1040 1040
991 1040
996 1040
1001 1040
1006 1040
1011 1040
1015 1040
1018 1040
1021 1040
1024 1040
1027 1040
1030 1040
1032 1040
1034 1040
1036 1040
1038 1040
1039 1040
1040 1040
1040 1040
1006 1040
1010 1040
1014 1040
1017 1040
1020 1040
1022 1040
1024 1040
1026 1040
1028 1040
1030 1040
1032 1040
1034 1040
1035 1040
1036 1040
1037 1040
1038 1040
1040 1040
1040 1040
1007 1040
1011 1040
1015 1040
1019 1040
1022 1040
1025 1040
1028 1040
1031 1040
1033 1040
1035 1040
1036 1040
1037 1040
1038 1040
1039 1040
1040 1040
1041 1041
1041 1041
994 1041
998 1041
1001 1041
1004 1041
1007 1041
1010 1041
1013 1041
1016 1041
1018 1041
1020 1041
1022 1041
1024 1041
1027 1041
1029 1041
1031 1041
1032 1041
1033 1041
1034 1041
1035 1041
1036 1041
1037 1041
1038 1041
1039 1041
1040 1041
1041 1041
1041 1041
993 1041
998 1041
1003 1041
1007 1041
1011 1041
1014 1041
1017 1041
1020 1041
1023 1041
1026 1041
1028 1041
1030 1041
1032 1041
1034 1041
1036 1041
1038 1041
1039 1041
1040 1041
1041 1041
1041 1041
1015 1041
1020 1041
1025 1041
1028 1041
1031 1041
1034 1041
1036 1041
1038 1041
1039 1041
1040 1041
1041 1041
1041 1041
1007 1041
1010 1041
1013 1041
1016 1041
1018 1041
1020 1041
1022 1041
1024 1041
1027 1041
1029 1041
1031 1041
1033 1041
1035 1041
1037 1041
1039 1041
1040 1041
1041 1041
1041 1041
998 1041
1003 1041
1008 1041
1012 1041
1016 1041
1019 1041
1022 1041
1025 1041
1028 1041
1030 1041
1032 1041
1034 1041
1036 1041
1037 1041
1038 1041
1039 1041
1040 1041
1041 1041
1041 1041
1003 1041
1007 1041
1011 1041
1014 1041
1017 1041
1020 1041
1023 1041
1026 1041
1028 1041
1030 1041
1032 1041
1034 1041
1036 1041
1037 1041
1038 1041
1039 1041
1040 1041
1041 1041
1041 1041
992 1041
996 1041
1000 1041
1004 1041
1008 1041
1012 1041
1015 1041
1018 1041
1021 1041
1024 1041
1026 1041
1028 1041
1030 1041
1032 1041
1034 1041
1036 1041
1037 1041
1038 1041
1039 1041
1040 1041
1041 1041
1041 1041
1009 1041
1014 1041
1018 1041
1022 1041
1025 1041
1028 1041
1030 1041
1032 1041
1035 1041
1036 1041
1037 1041
1038 1041
1039 1041
1040 1041
1041 1041
1041 1041
1006 1041
1011 1041
1015 1041
1019 1041
1022 1041
1025 1041
1028 1041
1031 1041
1033 1041
1035 1041
1037 1041
1038 1041
1039 1041
1040 1041
1041 1041
1041 1041
998 1041
1004 1041
1008 1041
1011 1041
1014 1041
1017 1041
1021 1041
1024 1041
1027 1041
1030 1041
1032 1041
1034 1041
1036 1041
1038 1041
1039 1041
1040 1041
1041 1041
1041 1041
1001 1041
1005 1041
1009 1041
1013 1041
1016 1041
1019 1041
1022 1041
1024 1041
1026 1041
1029 1041
1031 1041
1033 1041
1035 1041
1037 1041
1038 1041
1039 1041
1040 1041
1041 1041
1041 1041
1003 1041
1007 1041
1011 1041
1014 1041
1017 1041
1020 1041
1023 1041
1025 1041
1027 1041
1029 1041
1031 1041
1033 1041
1035 1041
1036 1041
1037 1041
1038 1041
1039 1041
1040 1041
1041 1041
1041 1041
987 1041
992 1041
997 1041
1001 1041
1005 1041
1009 1041
1013 1041
1016 1041
1019 1041
1022 1041
1024 1041
1026 1041
1028 1041
1031 1041
1034 1041
1036 1041
1038 1041
1039 1041
1041 1041
1041 1041
1002 1041
1007 1041
1011 1041
1014 1041
1017 1041
1021 1041
1024 1041
1026 1041
1028 1041
1031 1041
1033 1041
1035 1041
1037 1041
1038 1041
1039 1041
1040 1041
1041 1041
1041 1041
989 1041
993 1041
997 1041
1001 1041
1004 1041
1007 1041
1010 1041
1013 1041
1016 1041
1019 1041
1021 1041
1023 1041
1025 1041
1027 1041
1029 1041
1031 1041
1033 1041
1035 1041
1036 1041
1037 1041
1038 1041
1039 1041
1040 1041
1041 1041
1042 1042
1043 1043
1044 1044
1045 1045
1045 1045
