353 353
351 353
351 353
353 353
354 354
356 356
358 358
359 359
360 360
361 361
363 363
366 366
367 367
369 369
371 371
375 375
377 377
378 378
380 380
382 382
383 383
384 384
385 385
386 386
387 387
388 388
389 389
390 390
392 392
393 393
394 394
395 395
396 396
397 397
398 398
399 399
400 400
355 400
355 400
356 400
357 400
359 400
361 400
363 400
364 400
365 400
367 400
368 400
369 400
373 400
374 400
376 400
378 400
381 400
384 400
385 400
387 400
388 400
389 400
390 400
391 400
392 400
393 400
394 400
395 400
396 400
397 400
398 400
399 400
363 400
363 400
366 400
368 400
370 400
371 400
372 400
373 400
377 400
379 400
380 400
381 400
382 400
383 400
384 400
386 400
387 400
388 400
389 400
390 400
392 400
393 400
394 400
395 400
396 400
397 400
398 400
399 400
400 400
349 400
349 400
350 400
351 400
354 400
356 400
357 400
358 400
359 400
360 400
361 400
362 400
363 400
364 400
365 400
367 400
369 400
371 400
372 400
375 400
377 400
378 400
379 400
380 400
381 400
382 400
383 400
385 400
386 400
387 400
388 400
390 400
391 400
392 400
393 400
394 400
356 400
356 400
358 400
360 400
361 400
362 400
365 400
366 400
367 400
368 400
369 400
370 400
371 400
373 400
374 400
376 400
378 400
379 400
380 400
382 400
383 400
384 400
385 400
386 400
387 400
388 400
390 400
391 400
392 400
393 400
394 400
395 400
396 400
398 400
399 400
400 400
401 401
402 402
403 403
404 404
405 405
