367 367
362 367
365 367
368 368
371 371
373 373
375 375
377 377
379 379
381 381
383 383
385 385
386 386
387 387
388 388
389 389
390 390
391 391
392 392
393 393
394 394
395 395
396 396
397 397
382 397
388 397
391 397
393 397
395 397
397 397
397 397
390 397
392 397
394 397
395 397
396 397
397 397
397 397
392 397
394 397
396 397
397 397
398 398
398 398
392 398
394 398
396 398
397 398
398 398
398 398
389 398
393 398
396 398
398 398
398 398
385 398
388 398
390 398
392 398
394 398
395 398
396 398
397 398
398 398
398 398
387 398
391 398
394 398
396 398
398 398
398 398
393 398
397 398
398 398
398 398
386 398
390 398
393 398
395 398
396 398
397 398
398 398
398 398
384 398
388 398
391 398
394 398
396 398
397 398
398 398
398 398
382 398
387 398
390 398
392 398
395 398
397 398
398 398
398 398
390 398
394 398
395 398
396 398
397 398
398 398
399 399
399 399
381 399
386 399
390 399
392 399
395 399
396 399
397 399
398 399
399 399
399 399
384 399
388 399
391 399
394 399
397 399
398 399
399 399
399 399
384 399
388 399
391 399
394 399
396 399
397 399
399 399
399 399
389 399
392 399
394 399
396 399
397 399
398 399
399 399
399 399
382 399
386 399
389 399
392 399
394 399
396 399
398 399
399 399
399 399
388 399
391 399
393 399
395 399
396 399
397 399
398 399
399 399
399 399
381 399
387 399
390 399
393 399
395 399
397 399
398 399
399 399
399 399
386 399
388 399
390 399
392 399
394 399
396 399
397 399
399 399
399 399
384 399
389 399
391 399
393 399
395 399
397 399
399 399
399 399
394 399
396 399
398 399
399 399
399 399
389 399
394 399
397 399
399 399
399 399
381 399
384 399
387 399
390 399
393 399
395 399
397 399
398 399
399 399
399 399
394 399
396 399
398 399
399 399
399 399
386 399
389 399
392 399
394 399
396 399
398 399
399 399
399 399
384 399
387 399
390 399
393 399
396 399
398 399
399 399
399 399
389 399
394 399
396 399
397 399
399 399
399 399
390 399
393 399
395 399
397 399
399 399
399 399
393 399
395 399
397 399
399 399
399 399
388 399
391 399
393 399
395 399
397 399
398 399
399 399
399 399
395 399
397 399
399 399
399 399
384 399
387 399
390 399
392 399
394 399
395 399
396 399
397 399
398 399
399 399
399 399
389 399
393 399
396 399
398 399
399 399
399 399
390 399
393 399
396 399
398 399
399 399
399 399
391 399
394 399
397 399
399 399
399 399
381 399
386 399
389 399
391 399
393 399
395 399
397 399
398 399
399 399
399 399
392 399
395 399
397 399
399 399
399 399
386 399
390 399
394 399
396 399
397 399
399 399
399 399
383 399
386 399
389 399
391 399
393 399
395 399
396 399
397 399
399 399
399 399
382 399
386 399
390 399
393 399
395 399
397 399
399 399
399 399
381 399
386 399
388 399
391 399
393 399
395 399
396 399
398 399
399 399
399 399
390 399
394 399
396 399
397 399
398 399
399 399
399 399
385 399
388 399
391 399
393 399
395 399
396 399
397 399
398 399
399 399
399 399
385 399
390 399
392 399
394 399
396 399
398 399
399 399
399 399
387 399
391 399
394 399
397 399
398 399
399 399
399 399
391 399
395 399
397 399
398 399
399 399
399 399
378 399
382 399
385 399
388 399
390 399
392 399
393 399
394 399
395 399
396 399
397 399
399 399
399 399
394 399
397 399
398 399
399 399
399 399
384 399
387 399
390 399
392 399
395 399
397 399
398 399
399 399
399 399
393 399
396 399
398 399
399 399
399 399
388 399
392 399
397 399
398 399
399 399
399 399
388 399
393 399
396 399
398 399
399 399
399 399
383 399
388 399
391 399
393 399
395 399
397 399
398 399
399 399
399 399
379 399
383 399
387 399
390 399
393 399
395 399
397 399
398 399
399 399
399 399
387 399
392 399
394 399
395 399
397 399
398 399
399 399
399 399
384 399
388 399
391 399
393 399
395 399
396 399
397 399
398 399
399 399
399 399
391 399
394 399
396 399
397 399
398 399
399 399
399 399
390 399
392 399
394 399
396 399
397 399
398 399
399 399
399 399
389 399
394 399
396 399
398 399
399 399
399 399
384 399
388 399
391 399
394 399
396 399
397 399
398 399
399 399
399 399
390 399
394 399
396 399
398 399
399 399
399 399
377 399
382 399
386 399
389 399
391 399
393 399
395 399
397 399
399 399
399 399
384 399
388 399
391 399
393 399
395 399
397 399
398 399
399 399
399 399
377 399
381 399
384 399
387 399
390 399
393 399
396 399
398 399
399 399
399 399
389 399
393 399
396 399
399 399
399 399
389 399
392 399
395 399
396 399
397 399
398 399
398 399
390 399
393 399
396 399
398 399
399 399
399 399
387 399
390 399
393 399
395 399
397 399
398 399
399 399
399 399
386 399
391 399
393 399
395 399
397 399
399 399
399 399
380 399
384 399
387 399
389 399
391 399
393 399
395 399
396 399
397 399
398 399
399 399
400 400
400 400
389 400
395 400
398 400
400 400
400 400
386 400
390 400
392 400
394 400
396 400
397 400
398 400
399 400
400 400
400 400
382 400
386 400
389 400
392 400
394 400
396 400
398 400
399 400
400 400
401 401
401 401
390 401
392 401
394 401
396 401
397 401
398 401
399 401
400 401
401 401
401 401
382 401
386 401
389 401
392 401
396 401
399 401
400 401
401 401
401 401
386 401
391 401
395 401
398 401
399 401
400 401
401 401
401 401
384 401
387 401
391 401
394 401
396 401
398 401
399 401
400 401
401 401
401 401
387 401
391 401
394 401
397 401
398 401
399 401
400 401
401 401
401 401
392 401
397 401
398 401
399 401
400 401
401 401
401 401
391 401
395 401
398 401
400 401
401 401
401 401
381 401
387 401
391 401
394 401
397 401
400 401
401 401
401 401
389 401
393 401
397 401
400 401
401 401
401 401
387 401
393 401
396 401
398 401
400 401
401 401
401 401
384 401
389 401
392 401
394 401
396 401
397 401
398 401
399 401
400 401
401 401
401 401
387 401
390 401
392 401
395 401
397 401
399 401
400 401
401 401
401 401
383 401
387 401
392 401
395 401
398 401
400 401
401 401
401 401
398 401
400 401
401 401
401 401
388 401
392 401
394 401
396 401
398 401
399 401
400 401
401 401
401 401
396 401
401 401
401 401
380 401
387 401
391 401
394 401
398 401
399 401
400 401
401 401
401 401
393 401
397 401
398 401
399 401
400 401
401 401
401 401
384 401
391 401
395 401
398 401
399 401
400 401
401 401
401 401
391 401
395 401
397 401
398 401
399 401
400 401
401 401
401 401
392 401
396 401
398 401
399 401
400 401
401 401
401 401
383 401
388 401
393 401
396 401
398 401
399 401
400 401
401 401
401 401
384 401
389 401
392 401
396 401
399 401
400 401
401 401
401 401
389 401
394 401
397 401
399 401
400 401
401 401
401 401
384 401
389 401
393 401
396 401
398 401
399 401
400 401
401 401
401 401
376 401
380 401
385 401
389 401
392 401
394 401
396 401
397 401
398 401
399 401
400 401
400 401
398 401
399 401
400 401
401 401
401 401
384 401
389 401
393 401
395 401
397 401
399 401
400 401
401 401
401 401
381 401
386 401
390 401
394 401
397 401
399 401
400 401
401 401
401 401
392 401
395 401
397 401
398 401
399 401
400 401
401 401
401 401
391 401
394 401
396 401
398 401
399 401
400 401
401 401
401 401
378 401
383 401
387 401
391 401
393 401
395 401
397 401
398 401
399 401
400 401
401 401
401 401
388 401
392 401
395 401
398 401
401 401
401 401
381 401
384 401
388 401
391 401
393 401
395 401
396 401
397 401
398 401
399 401
400 401
401 401
401 401
397 401
399 401
400 401
401 401
401 401
391 401
394 401
397 401
398 401
399 401
400 401
401 401
401 401
396 401
397 401
398 401
399 401
400 401
401 401
401 401
388 401
395 401
398 401
400 401
401 401
401 401
383 401
387 401
391 401
393 401
395 401
397 401
399 401
400 401
401 401
401 401
390 401
396 401
397 401
398 401
399 401
400 401
401 401
401 401
391 401
393 401
395 401
396 401
397 401
398 401
399 401
400 401
401 401
401 401
386 401
391 401
394 401
396 401
397 401
398 401
399 401
400 401
401 401
401 401
385 401
388 401
391 401
394 401
396 401
398 401
399 401
400 401
401 401
401 401
391 401
395 401
397 401
400 401
401 401
401 401
388 401
393 401
396 401
398 401
399 401
400 401
401 401
401 401
386 401
392 401
395 401
398 401
400 401
401 401
401 401
387 401
391 401
394 401
396 401
399 401
400 401
401 401
401 401
397 401
400 401
401 401
401 401
381 401
386 401
389 401
393 401
396 401
399 401
401 401
401 401
390 401
393 401
395 401
397 401
398 401
399 401
400 401
401 401
401 401
393 401
398 401
400 401
401 401
401 401
382 401
387 401
391 401
394 401
397 401
398 401
399 401
400 401
401 401
401 401
388 401
391 401
394 401
396 401
398 401
399 401
400 401
401 401
401 401
390 401
396 401
397 401
398 401
399 401
400 401
401 401
401 401
392 401
395 401
397 401
398 401
399 401
400 401
401 401
401 401
389 401
392 401
395 401
397 401
398 401
399 401
400 401
401 401
401 401
391 401
395 401
398 401
399 401
400 401
401 401
401 401
393 401
397 401
398 401
399 401
400 401
401 401
401 401
387 401
391 401
395 401
399 401
400 401
401 401
401 401
383 401
388 401
392 401
395 401
398 401
400 401
401 401
401 401
395 401
399 401
400 401
401 401
401 401
386 401
391 401
395 401
398 401
400 401
401 401
401 401
384 401
388 401
392 401
394 401
396 401
397 401
398 401
399 401
400 401
401 401
401 401
395 401
398 401
400 401
401 401
401 401
395 401
397 401
398 401
399 401
400 401
401 401
401 401
382 401
386 401
389 401
393 401
396 401
398 401
399 401
400 401
401 401
401 401
390 401
394 401
397 401
400 401
401 401
401 401
391 401
394 401
397 401
399 401
400 401
401 401
401 401
386 401
389 401
393 401
396 401
398 401
399 401
400 401
401 401
401 401
383 401
389 401
392 401
395 401
397 401
399 401
400 401
401 401
401 401
389 401
392 401
395 401
398 401
399 401
400 401
401 401
401 401
392 401
395 401
398 401
399 401
400 401
401 401
401 401
398 401
400 401
401 401
401 401
388 401
392 401
395 401
397 401
399 401
400 401
401 401
401 401
389 401
396 401
399 401
400 401
401 401
401 401
389 401
392 401
395 401
398 401
399 401
400 401
401 401
401 401
389 401
393 401
396 401
399 401
400 401
401 401
401 401
388 401
391 401
394 401
397 401
399 401
400 401
401 401
401 401
386 401
390 401
392 401
394 401
396 401
398 401
399 401
400 401
401 401
401 401
382 401
387 401
391 401
394 401
397 401
399 401
400 401
401 401
401 401
397 401
399 401
400 401
401 401
401 401
384 401
389 401
392 401
394 401
396 401
397 401
398 401
399 401
400 401
401 401
401 401
387 401
391 401
395 401
398 401
399 401
400 401
401 401
401 401
385 401
390 401
392 401
394 401
396 401
398 401
399 401
400 401
401 401
401 401
384 401
391 401
394 401
396 401
397 401
398 401
399 401
400 401
401 401
401 401
393 401
398 401
400 401
401 401
401 401
393 401
396 401
399 401
400 401
401 401
401 401
391 401
395 401
397 401
398 401
399 401
400 401
401 401
401 401
383 401
388 401
391 401
394 401
397 401
398 401
399 401
400 401
401 401
401 401
388 401
392 401
395 401
397 401
399 401
400 401
401 401
401 401
384 401
389 401
393 401
397 401
399 401
400 401
401 401
401 401
382 401
386 401
390 401
392 401
395 401
397 401
398 401
399 401
400 401
401 401
401 401
386 401
390 401
394 401
397 401
399 401
401 401
401 401
387 401
390 401
392 401
395 401
397 401
399 401
400 401
401 401
401 401
389 401
392 401
394 401
396 401
397 401
398 401
399 401
400 401
401 401
401 401
382 401
386 401
390 401
394 401
396 401
398 401
399 401
400 401
401 401
401 401
396 401
399 401
400 401
401 401
401 401
396 401
399 401
400 401
401 401
401 401
387 401
391 401
394 401
397 401
398 401
399 401
400 401
401 401
401 401
382 401
386 401
390 401
393 401
395 401
397 401
398 401
399 401
400 401
401 401
401 401
390 401
394 401
396 401
398 401
399 401
400 401
401 401
401 401
386 401
392 401
395 401
397 401
398 401
399 401
400 401
401 401
401 401
390 401
394 401
396 401
398 401
399 401
400 401
401 401
401 401
390 401
394 401
396 401
398 401
400 401
401 401
401 401
384 401
388 401
391 401
394 401
396 401
398 401
400 401
401 401
401 401
388 401
393 401
396 401
398 401
399 401
400 401
401 401
401 401
392 401
395 401
398 401
400 401
401 401
401 401
393 401
396 401
398 401
399 401
400 401
401 401
401 401
394 401
400 401
401 401
401 401
387 401
392 401
395 401
397 401
398 401
399 401
400 401
401 401
401 401
388 401
392 401
395 401
397 401
398 401
399 401
400 401
401 401
401 401
390 401
394 401
397 401
399 401
400 401
401 401
401 401
387 401
391 401
394 401
397 401
399 401
400 401
401 401
401 401
393 401
396 401
398 401
399 401
400 401
401 401
401 401
390 401
395 401
398 401
399 401
400 401
401 401
401 401
387 401
390 401
393 401
395 401
397 401
398 401
399 401
400 401
401 401
401 401
387 401
390 401
393 401
394 401
395 401
396 401
397 401
398 401
399 401
400 401
400 401
382 401
386 401
391 401
394 401
395 401
396 401
397 401
398 401
399 401
400 401
401 401
401 401
385 401
389 401
393 401
395 401
396 401
397 401
399 401
400 401
401 401
401 401
391 401
396 401
399 401
401 401
401 401
399 401
400 401
401 401
401 401
386 401
390 401
393 401
396 401
398 401
399 401
400 401
401 401
401 401
392 401
397 401
400 401
401 401
401 401
389 401
396 401
398 401
400 401
401 401
401 401
391 401
394 401
396 401
398 401
399 401
400 401
401 401
401 401
375 401
379 401
383 401
387 401
390 401
394 401
396 401
398 401
399 401
400 401
401 401
401 401
392 401
396 401
399 401
400 401
401 401
401 401
392 401
394 401
396 401
398 401
399 401
400 401
401 401
401 401
382 401
386 401
389 401
392 401
394 401
397 401
398 401
399 401
400 401
401 401
401 401
379 401
385 401
390 401
394 401
396 401
398 401
399 401
400 401
401 401
401 401
389 401
392 401
394 401
396 401
398 401
399 401
400 401
401 401
401 401
395 401
399 401
401 401
401 401
387 401
392 401
395 401
398 401
401 401
401 401
393 401
396 401
399 401
400 401
401 401
401 401
388 401
392 401
396 401
398 401
399 401
400 401
401 401
401 401
383 401
389 401
392 401
395 401
397 401
398 401
399 401
400 401
401 401
401 401
390 401
395 401
398 401
399 401
400 401
401 401
401 401
385 401
390 401
393 401
395 401
397 401
399 401
400 401
401 401
401 401
386 401
393 401
396 401
398 401
399 401
400 401
401 401
401 401
388 401
393 401
397 401
400 401
401 401
401 401
396 401
399 401
400 401
401 401
401 401
388 401
395 401
399 401
401 401
401 401
389 401
394 401
398 401
401 401
401 401
391 401
398 401
400 401
401 401
401 401
384 401
388 401
391 401
394 401
397 401
399 401
400 401
401 401
401 401
389 401
393 401
397 401
400 401
401 401
401 401
386 401
392 401
396 401
400 401
401 401
401 401
381 401
385 401
389 401
392 401
395 401
397 401
398 401
399 401
400 401
401 401
401 401
389 401
393 401
397 401
399 401
400 401
401 401
401 401
392 401
396 401
398 401
399 401
400 401
401 401
401 401
380 401
386 401
390 401
393 401
396 401
399 401
400 401
401 401
401 401
399 401
400 401
401 401
401 401
385 401
388 401
390 401
392 401
394 401
396 401
397 401
398 401
399 401
400 401
401 401
401 401
386 401
390 401
393 401
395 401
397 401
399 401
400 401
401 401
401 401
392 401
395 401
397 401
398 401
399 401
400 401
401 401
401 401
390 401
395 401
398 401
401 401
401 401
380 401
387 401
391 401
394 401
397 401
399 401
400 401
401 401
401 401
399 401
401 401
401 401
397 401
399 401
400 401
401 401
401 401
389 401
396 401
399 401
400 401
401 401
401 401
395 401
398 401
399 401
400 401
401 401
401 401
385 401
391 401
394 401
397 401
399 401
400 401
401 401
401 401
396 401
399 401
400 401
401 401
401 401
387 401
394 401
398 401
400 401
401 401
401 401
380 401
386 401
391 401
395 401
397 401
399 401
400 401
401 401
401 401
390 401
393 401
395 401
397 401
398 401
399 401
400 401
401 401
401 401
385 401
390 401
394 401
397 401
398 401
399 401
400 401
401 401
401 401
387 401
391 401
394 401
397 401
399 401
401 401
401 401
387 401
391 401
395 401
397 401
399 401
400 401
401 401
401 401
392 401
395 401
398 401
399 401
400 401
401 401
401 401
395 401
398 401
399 401
400 401
401 401
401 401
396 401
397 401
398 401
399 401
400 401
401 401
401 401
385 401
389 401
393 401
395 401
398 401
399 401
400 401
401 401
401 401
380 401
385 401
389 401
392 401
394 401
395 401
396 401
397 401
398 401
399 401
400 401
401 401
401 401
393 401
399 401
400 401
401 401
401 401
390 401
395 401
398 401
400 401
401 401
401 401
391 401
395 401
398 401
399 401
400 401
401 401
401 401
382 401
386 401
389 401
393 401
395 401
397 401
399 401
400 401
401 401
401 401
393 401
395 401
397 401
399 401
400 401
401 401
401 401
393 401
396 401
398 401
400 401
401 401
401 401
392 401
396 401
398 401
399 401
400 401
401 401
401 401
388 401
392 401
396 401
397 401
398 401
399 401
400 401
401 401
401 401
392 401
395 401
397 401
399 401
400 401
401 401
401 401
390 401
393 401
397 401
400 401
401 401
401 401
383 401
387 401
390 401
392 401
394 401
397 401
398 401
399 401
400 401
401 401
401 401
390 401
394 401
398 401
399 401
400 401
401 401
401 401
379 401
385 401
390 401
394 401
397 401
398 401
399 401
400 401
401 401
401 401
391 401
395 401
398 401
399 401
400 401
401 401
401 401
398 401
399 401
400 401
401 401
401 401
387 401
392 401
395 401
398 401
400 401
401 401
401 401
392 401
396 401
397 401
398 401
399 401
400 401
401 401
401 401
388 401
394 401
397 401
398 401
399 401
400 401
401 401
401 401
382 401
387 401
390 401
392 401
394 401
396 401
398 401
399 401
400 401
401 401
401 401
385 401
390 401
393 401
396 401
398 401
399 401
400 401
401 401
401 401
388 401
393 401
396 401
397 401
398 401
399 401
400 401
401 401
401 401
391 401
395 401
398 401
399 401
400 401
401 401
401 401
393 401
396 401
398 401
399 401
400 401
401 401
401 401
384 401
391 401
396 401
399 401
400 401
401 401
401 401
388 401
391 401
394 401
397 401
399 401
400 401
401 401
401 401
378 401
384 401
388 401
392 401
395 401
398 401
400 401
401 401
401 401
398 401
401 401
401 401
387 401
390 401
393 401
395 401
397 401
398 401
399 401
400 401
401 401
401 401
385 401
391 401
395 401
397 401
398 401
399 401
400 401
401 401
401 401
385 401
390 401
394 401
397 401
399 401
400 401
401 401
401 401
393 401
396 401
398 401
399 401
400 401
401 401
401 401
395 401
399 401
400 401
401 401
401 401
374 401
380 401
384 401
387 401
390 401
394 401
397 401
399 401
401 401
401 401
385 401
390 401
392 401
395 401
397 401
398 401
399 401
400 401
401 401
401 401
386 401
390 401
393 401
396 401
398 401
400 401
401 401
401 401
393 401
396 401
398 401
399 401
400 401
401 401
401 401
392 401
395 401
398 401
399 401
400 401
401 401
401 401
387 401
393 401
396 401
399 401
400 401
401 401
401 401
387 401
392 401
395 401
398 401
399 401
400 401
401 401
401 401
387 401
392 401
395 401
397 401
398 401
399 401
400 401
401 401
401 401
394 401
396 401
397 401
398 401
399 401
400 401
401 401
401 401
392 401
396 401
399 401
401 401
401 401
393 401
396 401
398 401
399 401
400 401
401 401
401 401
388 401
393 401
396 401
397 401
398 401
399 401
400 401
401 401
401 401
386 401
391 401
395 401
398 401
399 401
400 401
401 401
401 401
389 401
393 401
396 401
398 401
399 401
400 401
401 401
401 401
387 401
391 401
395 401
397 401
399 401
400 401
401 401
401 401
386 401
390 401
394 401
397 401
398 401
399 401
400 401
401 401
401 401
396 401
398 401
400 401
401 401
401 401
385 401
389 401
392 401
394 401
396 401
398 401
399 401
400 401
401 401
401 401
396 401
399 401
400 401
401 401
401 401
390 401
394 401
397 401
398 401
399 401
400 401
401 401
401 401
388 401
395 401
398 401
400 401
401 401
401 401
387 401
392 401
395 401
397 401
399 401
400 401
401 401
401 401
386 401
390 401
393 401
396 401
398 401
399 401
400 401
401 401
401 401
389 401
392 401
394 401
395 401
396 401
397 401
398 401
399 401
400 401
401 401
401 401
393 401
396 401
399 401
400 401
401 401
401 401
387 401
391 401
395 401
397 401
399 401
400 401
401 401
401 401
385 401
389 401
392 401
395 401
396 401
397 401
398 401
399 401
400 401
401 401
401 401
388 401
393 401
396 401
398 401
399 401
400 401
401 401
401 401
390 401
394 401
397 401
399 401
400 401
401 401
401 401
382 401
385 401
389 401
392 401
395 401
397 401
399 401
400 401
401 401
401 401
388 401
394 401
397 401
400 401
401 401
401 401
376 401
380 401
384 401
387 401
390 401
393 401
395 401
396 401
397 401
398 401
399 401
400 401
401 401
401 401
389 401
393 401
396 401
398 401
399 401
400 401
401 401
401 401
379 401
383 401
387 401
391 401
395 401
398 401
400 401
401 401
401 401
379 401
384 401
388 401
392 401
395 401
398 401
400 401
401 401
401 401
392 401
395 401
398 401
400 401
401 401
401 401
390 401
394 401
396 401
398 401
400 401
401 401
401 401
395 401
398 401
400 401
401 401
401 401
394 401
397 401
398 401
399 401
400 401
401 401
401 401
394 401
397 401
399 401
400 401
401 401
401 401
385 401
392 401
397 401
400 401
401 401
401 401
391 401
395 401
398 401
400 401
401 401
401 401
388 401
393 401
396 401
399 401
400 401
401 401
401 401
382 401
386 401
389 401
392 401
394 401
396 401
398 401
399 401
400 401
401 401
401 401
390 401
393 401
396 401
399 401
400 401
401 401
401 401
392 401
396 401
397 401
398 401
399 401
400 401
401 401
401 401
384 401
388 401
391 401
394 401
396 401
398 401
400 401
401 401
401 401
391 401
395 401
398 401
399 401
400 401
401 401
401 401
388 401
393 401
395 401
397 401
398 401
399 401
400 401
401 401
401 401
390 401
395 401
398 401
400 401
401 401
401 401
379 401
384 401
388 401
392 401
395 401
397 401
399 401
400 401
401 401
401 401
394 401
397 401
400 401
401 401
401 401
388 401
394 401
396 401
399 401
400 401
401 401
401 401
393 401
397 401
400 401
401 401
401 401
379 401
384 401
388 401
392 401
395 401
397 401
399 401
400 401
401 401
401 401
381 401
386 401
390 401
393 401
395 401
397 401
398 401
398 401
391 401
394 401
397 401
399 401
400 401
401 401
401 401
389 401
393 401
396 401
399 401
400 401
401 401
401 401
391 401
396 401
399 401
400 401
401 401
401 401
397 401
400 401
401 401
401 401
390 401
394 401
396 401
397 401
398 401
399 401
400 401
401 401
401 401
386 401
389 401
392 401
395 401
397 401
398 401
399 401
400 401
401 401
401 401
382 401
387 401
390 401
393 401
396 401
398 401
400 401
401 401
401 401
375 401
380 401
384 401
388 401
391 401
393 401
394 401
395 401
396 401
397 401
398 401
398 401
390 401
394 401
396 401
398 401
399 401
400 401
401 401
401 401
385 401
389 401
392 401
394 401
396 401
398 401
399 401
400 401
401 401
401 401
385 401
389 401
392 401
394 401
396 401
397 401
398 401
399 401
400 401
401 401
401 401
379 401
385 401
388 401
391 401
393 401
395 401
397 401
398 401
399 401
400 401
401 401
401 401
388 401
392 401
395 401
397 401
398 401
399 401
400 401
401 401
401 401
375 401
379 401
383 401
386 401
389 401
392 401
394 401
396 401
397 401
398 401
399 401
400 401
401 401
401 401
390 401
393 401
396 401
397 401
398 401
399 401
400 401
401 401
401 401
391 401
394 401
397 401
399 401
400 401
401 401
401 401
393 401
395 401
396 401
397 401
398 401
399 401
400 401
401 401
401 401
390 401
394 401
396 401
398 401
400 401
401 401
401 401
384 401
388 401
392 401
396 401
397 401
398 401
399 401
400 401
401 401
401 401
385 401
390 401
393 401
396 401
398 401
400 401
401 401
401 401
389 401
395 401
397 401
398 401
399 401
400 401
401 401
401 401
380 401
384 401
387 401
389 401
391 401
393 401
395 401
396 401
397 401
398 401
399 401
400 401
401 401
401 401
383 401
390 401
393 401
397 401
399 401
400 401
401 401
401 401
389 401
393 401
396 401
398 401
399 401
400 401
401 401
401 401
398 401
400 401
401 401
401 401
392 401
396 401
398 401
400 401
401 401
401 401
389 401
396 401
399 401
400 401
401 401
401 401
395 401
397 401
398 401
399 401
400 401
401 401
401 401
393 401
396 401
398 401
399 401
400 401
401 401
401 401
382 401
387 401
390 401
393 401
396 401
398 401
399 401
400 401
401 401
401 401
384 401
391 401
395 401
397 401
398 401
399 401
400 401
401 401
401 401
388 401
392 401
395 401
398 401
399 401
400 401
401 401
401 401
389 401
394 401
398 401
399 401
400 401
401 401
401 401
390 401
393 401
396 401
399 401
400 401
401 401
401 401
394 401
397 401
399 401
401 401
401 401
395 401
398 401
400 401
401 401
401 401
390 401
394 401
397 401
399 401
400 401
401 401
401 401
388 401
394 401
397 401
399 401
400 401
401 401
401 401
392 401
396 401
397 401
398 401
399 401
400 401
401 401
401 401
393 401
397 401
399 401
400 401
401 401
401 401
394 401
397 401
399 401
400 401
401 401
401 401
390 401
393 401
396 401
398 401
399 401
400 401
401 401
401 401
393 401
396 401
399 401
401 401
401 401
387 401
391 401
394 401
397 401
399 401
400 401
401 401
401 401
388 401
395 401
400 401
401 401
401 401
386 401
391 401
394 401
397 401
399 401
400 401
401 401
401 401
393 401
396 401
399 401
400 401
401 401
401 401
394 401
396 401
398 401
399 401
400 401
401 401
401 401
393 401
397 401
399 401
401 401
401 401
383 401
388 401
391 401
394 401
397 401
399 401
400 401
401 401
401 401
391 401
394 401
397 401
400 401
401 401
401 401
386 401
391 401
395 401
398 401
399 401
400 401
401 401
401 401
385 401
389 401
393 401
397 401
398 401
399 401
400 401
401 401
401 401
379 401
384 401
387 401
390 401
392 401
394 401
396 401
398 401
399 401
400 401
401 401
401 401
388 401
392 401
396 401
398 401
399 401
400 401
401 401
401 401
398 401
400 401
401 401
401 401
378 401
383 401
387 401
390 401
393 401
396 401
398 401
400 401
401 401
401 401
393 401
397 401
399 401
400 401
401 401
401 401
393 401
396 401
398 401
399 401
400 401
401 401
401 401
390 401
396 401
398 401
399 401
400 401
401 401
401 401
