353 353
351 353
351 353
355 355
359 359
362 362
365 365
368 368
370 370
372 372
374 374
376 376
378 378
380 380
382 382
384 384
385 385
386 386
387 387
388 388
389 389
390 390
391 391
393 393
395 395
396 396
397 397
398 398
399 399
400 400
401 401
402 402
361 402
361 402
365 402
369 402
372 402
375 402
377 402
379 402
381 402
383 402
385 402
387 402
388 402
389 402
391 402
392 402
393 402
394 402
395 402
396 402
397 402
398 402
399 402
400 402
353 402
353 402
358 402
362 402
365 402
368 402
371 402
373 402
375 402
377 402
379 402
381 402
383 402
385 402
387 402
388 402
389 402
390 402
391 402
392 402
393 402
394 402
395 402
366 402
366 402
369 402
372 402
374 402
376 402
378 402
380 402
382 402
384 402
385 402
386 402
387 402
388 402
389 402
390 402
391 402
392 402
393 402
394 402
395 402
396 402
397 402
398 402
399 402
400 402
342 402
342 402
347 402
352 402
356 402
361 402
365 402
368 402
371 402
374 402
377 402
379 402
381 402
383 402
385 402
387 402
389 402
391 402
393 402
395 402
396 402
397 402
398 402
399 402
400 402
401 402
