927 927
913 927
913 927
919 927
925 927
930 930
934 934
938 938
942 942
946 946
950 950
954 954
957 957
960 960
963 963
966 966
968 968
970 970
972 972
974 974
977 977
979 979
981 981
983 983
986 986
988 988
990 990
992 992
994 994
996 996
998 998
1000 1000
1002 1002
1004 1004
1006 1006
1008 1008
1009 1009
1010 1010
1011 1011
1012 1012
1013 1013
1015 1015
1016 1016
1017 1017
1018 1018
1019 1019
1020 1020
1021 1021
1022 1022
1023 1023
1024 1024
1025 1025
1026 1026
1027 1027
1028 1028
1029 1029
1030 1030
1031 1031
1032 1032
1033 1033
1034 1034
1035 1035
1036 1036
1037 1037
921 1037
921 1037
925 1037
929 1037
933 1037
937 1037
940 1037
943 1037
946 1037
949 1037
952 1037
955 1037
958 1037
961 1037
964 1037
967 1037
970 1037
972 1037
974 1037
976 1037
978 1037
980 1037
982 1037
984 1037
986 1037
988 1037
990 1037
992 1037
993 1037
994 1037
996 1037
997 1037
998 1037
999 1037
1000 1037
1001 1037
1002 1037
1003 1037
1004 1037
1005 1037
1006 1037
1008 1037
1009 1037
1011 1037
1012 1037
1013 1037
1014 1037
1015 1037
1016 1037
1017 1037
1018 1037
1019 1037
1021 1037
1022 1037
1023 1037
1024 1037
1025 1037
1026 1037
1027 1037
1028 1037
1029 1037
1030 1037
1031 1037
1032 1037
1033 1037
1034 1037
1035 1037
1036 1037
1037 1037
934 1037
934 1037
940 1037
944 1037
948 1037
952 1037
956 1037
960 1037
963 1037
966 1037
969 1037
972 1037
974 1037
976 1037
978 1037
980 1037
982 1037
984 1037
986 1037
988 1037
990 1037
992 1037
994 1037
996 1037
998 1037
1000 1037
1002 1037
1004 1037
1006 1037
1008 1037
1009 1037
1010 1037
1011 1037
1012 1037
1013 1037
1014 1037
1015 1037
1016 1037
1017 1037
1019 1037
1020 1037
1021 1037
1022 1037
1023 1037
1025 1037
1027 1037
1028 1037
1029 1037
1030 1037
1031 1037
1032 1037
1033 1037
1034 1037
1035 1037
1036 1037
1037 1037
1038 1038
1039 1039
1040 1040
928 1040
928 1040
934 1040
939 1040
944 1040
948 1040
952 1040
956 1040
960 1040
963 1040
966 1040
969 1040
972 1040
975 1040
978 1040
981 1040
984 1040
986 1040
988 1040
990 1040
992 1040
994 1040
996 1040
998 1040
1001 1040
1003 1040
1005 1040
1007 1040
1008 1040
1009 1040
1011 1040
1012 1040
1013 1040
1015 1040
1016 1040
1017 1040
1019 1040
1020 1040
1021 1040
1022 1040
1023 1040
1025 1040
1026 1040
1027 1040
1028 1040
1029 1040
1030 1040
1031 1040
1032 1040
1033 1040
1034 1040
1035 1040
1036 1040
1037 1040
1038 1040
1039 1040
1040 1040
1041 1041
1042 1042
1043 1043
1044 1044
1045 1045
924 1045
924 1045
929 1045
933 1045
937 1045
940 1045
943 1045
946 1045
949 1045
952 1045
955 1045
959 1045
962 1045
964 1045
966 1045
968 1045
971 1045
973 1045
975 1045
977 1045
979 1045
982 1045
985 1045
987 1045
989 1045
991 1045
993 1045
995 1045
997 1045
999 1045
1001 1045
1003 1045
1005 1045
1006 1045
1008 1045
1009 1045
1011 1045
1012 1045
1014 1045
1015 1045
1016 1045
1017 1045
1018 1045
1020 1045
1021 1045
1022 1045
1023 1045
1024 1045
1025 1045
1026 1045
1027 1045
1028 1045
1029 1045
1030 1045
1031 1045
1032 1045
1033 1045
1034 1045
1035 1045
