940 940
947 947
951 951
955 955
958 958
961 961
964 964
967 967
970 970
973 973
976 976
979 979
981 981
983 983
985 985
987 987
989 989
991 991
994 994
996 996
998 998
1000 1000
1002 1002
1004 1004
1006 1006
1007 1007
1008 1008
1009 1009
1010 1010
1011 1011
1012 1012
1013 1013
1014 1014
1016 1016
1017 1017
1018 1018
1020 1020
1022 1022
1023 1023
1024 1024
1025 1025
1026 1026
1027 1027
1028 1028
1029 1029
1030 1030
1031 1031
1032 1032
1033 1033
1034 1034
1035 1035
1036 1036
1037 1037
1038 1038
1017 1038
1022 1038
1026 1038
1028 1038
1030 1038
1032 1038
1033 1038
1034 1038
1035 1038
1036 1038
1037 1038
1038 1038
1038 1038
1010 1038
1015 1038
1019 1038
1022 1038
1025 1038
1028 1038
1030 1038
1032 1038
1034 1038
1036 1038
1037 1038
1038 1038
1038 1038
1024 1038
1027 1038
1029 1038
1031 1038
1033 1038
1035 1038
1036 1038
1037 1038
1038 1038
1038 1038
1003 1038
1007 1038
1011 1038
1015 1038
1019 1038
1022 1038
1024 1038
1026 1038
1028 1038
1029 1038
1030 1038
1031 1038
1032 1038
1033 1038
1034 1038
1035 1038
1036 1038
1037 1038
1037 1038
1016 1038
1021 1038
1025 1038
1028 1038
1031 1038
1033 1038
1035 1038
1037 1038
1038 1038
1038 1038
1006 1038
1010 1038
1014 1038
1018 1038
1022 1038
1025 1038
1028 1038
1030 1038
1032 1038
1034 1038
1036 1038
1037 1038
1038 1038
1038 1038
1003 1038
1008 1038
1012 1038
1015 1038
1018 1038
1021 1038
1024 1038
1026 1038
1028 1038
1030 1038
1032 1038
1033 1038
1034 1038
1035 1038
1036 1038
1037 1038
1038 1038
1038 1038
1004 1038
1008 1038
1012 1038
1015 1038
1018 1038
1020 1038
1022 1038
1024 1038
1027 1038
1029 1038
1031 1038
1032 1038
1033 1038
1035 1038
1036 1038
1037 1038
1038 1038
1038 1038
1023 1038
1026 1038
1029 1038
1031 1038
1032 1038
1033 1038
1034 1038
1035 1038
1036 1038
1037 1038
1038 1038
1038 1038
1007 1038
1011 1038
1014 1038
1017 1038
1020 1038
1023 1038
1025 1038
1027 1038
1029 1038
1030 1038
1031 1038
1032 1038
1033 1038
1034 1038
1035 1038
1036 1038
1037 1038
1038 1038
1038 1038
1011 1038
1015 1038
1019 1038
1022 1038
1024 1038
1026 1038
1029 1038
1031 1038
1032 1038
1034 1038
1035 1038
1036 1038
1037 1038
1038 1038
1038 1038
1025 1038
1029 1038
1032 1038
1034 1038
1036 1038
1037 1038
1038 1038
1038 1038
1010 1038
1015 1038
1019 1038
1023 1038
1026 1038
1028 1038
1030 1038
1031 1038
1032 1038
1034 1038
1035 1038
1036 1038
1037 1038
1038 1038
1038 1038
1013 1038
1017 1038
1020 1038
1023 1038
1026 1038
1029 1038
1031 1038
1032 1038
1034 1038
1035 1038
1036 1038
1037 1038
1038 1038
1038 1038
1009 1038
1014 1038
1018 1038
1022 1038
1025 1038
1028 1038
1030 1038
1032 1038
1034 1038
1035 1038
1036 1038
1037 1038
1038 1038
1038 1038
1006 1038
1011 1038
1015 1038
1019 1038
1023 1038
1026 1038
1029 1038
1031 1038
1033 1038
1035 1038
1036 1038
1037 1038
1038 1038
1038 1038
1013 1038
1018 1038
1023 1038
1026 1038
1029 1038
1032 1038
1034 1038
1036 1038
1037 1038
1038 1038
1038 1038
1003 1038
1007 1038
1011 1038
1015 1038
1018 1038
1021 1038
1023 1038
1025 1038
1027 1038
1028 1038
1029 1038
1030 1038
1031 1038
1032 1038
1033 1038
1034 1038
1035 1038
1036 1038
1037 1038
1037 1038
1015 1038
1019 1038
1022 1038
1025 1038
1027 1038
1029 1038
1030 1038
1032 1038
1033 1038
1034 1038
1035 1038
1036 1038
1037 1038
1038 1038
1038 1038
1021 1038
1024 1038
1027 1038
1029 1038
1031 1038
1033 1038
1034 1038
1035 1038
1036 1038
1037 1038
1038 1038
1039 1039
1040 1040
1040 1040
1008 1040
1013 1040
1018 1040
1021 1040
1024 1040
1027 1040
1029 1040
1031 1040
1033 1040
1035 1040
1037 1040
1038 1040
1039 1040
1040 1040
1041 1041
1041 1041
1019 1041
1023 1041
1026 1041
1029 1041
1032 1041
1034 1041
1036 1041
1037 1041
1038 1041
1039 1041
1040 1041
1041 1041
1042 1042
1043 1043
1044 1044
1044 1044
1003 1044
1008 1044
1012 1044
1016 1044
1019 1044
1022 1044
1025 1044
1028 1044
1031 1044
1034 1044
1037 1044
1038 1044
1039 1044
1040 1044
1041 1044
1042 1044
1043 1044
1044 1044
1045 1045
1045 1045
1015 1045
1021 1045
1026 1045
1030 1045
1033 1045
1035 1045
1037 1045
1039 1045
1040 1045
1041 1045
1042 1045
1043 1045
1044 1045
1045 1045
1045 1045
1004 1045
1009 1045
1012 1045
1015 1045
1017 1045
1019 1045
1021 1045
1023 1045
1026 1045
1028 1045
1030 1045
1033 1045
1035 1045
1037 1045
1039 1045
1040 1045
1041 1045
1042 1045
1043 1045
1044 1045
1045 1045
1045 1045
1010 1045
1015 1045
1019 1045
1022 1045
1025 1045
1028 1045
1031 1045
1034 1045
1037 1045
1039 1045
1041 1045
1042 1045
1043 1045
1044 1045
1045 1045
1045 1045
999 1045
1004 1045
1009 1045
1013 1045
1016 1045
1019 1045
1022 1045
1025 1045
1028 1045
1031 1045
1033 1045
1035 1045
1037 1045
1039 1045
1040 1045
1041 1045
1042 1045
1043 1045
1044 1045
1045 1045
1045 1045
1022 1045
1025 1045
1028 1045
1031 1045
1034 1045
1037 1045
1039 1045
1041 1045
1042 1045
1043 1045
1044 1045
1045 1045
1045 1045
1009 1045
1013 1045
1017 1045
1020 1045
1023 1045
1026 1045
1029 1045
1031 1045
1033 1045
1035 1045
1037 1045
1039 1045
1040 1045
1041 1045
1042 1045
1043 1045
1044 1045
1045 1045
1045 1045
1010 1045
1015 1045
1019 1045
1023 1045
1026 1045
1028 1045
1030 1045
1032 1045
1034 1045
1037 1045
1039 1045
1041 1045
1042 1045
1043 1045
1044 1045
1045 1045
1045 1045
1026 1045
1029 1045
1032 1045
1034 1045
1036 1045
1038 1045
1040 1045
1041 1045
1042 1045
1043 1045
1044 1045
1045 1045
1045 1045
1017 1045
1021 1045
1025 1045
1028 1045
1031 1045
1033 1045
1035 1045
1037 1045
1039 1045
1041 1045
1043 1045
1044 1045
1045 1045
1045 1045
1019 1045
1025 1045
1030 1045
1034 1045
1037 1045
1040 1045
1041 1045
1042 1045
1043 1045
1044 1045
1045 1045
1045 1045
1012 1045
1017 1045
1020 1045
1023 1045
1025 1045
1027 1045
1030 1045
1032 1045
1034 1045
1036 1045
1038 1045
1040 1045
1042 1045
1043 1045
1044 1045
1045 1045
1045 1045
1019 1045
1024 1045
1029 1045
1033 1045
1036 1045
1038 1045
1040 1045
1041 1045
1042 1045
1043 1045
1044 1045
1045 1045
1045 1045
1023 1045
1027 1045
1031 1045
1034 1045
1036 1045
1037 1045
1039 1045
1040 1045
1042 1045
1043 1045
1044 1045
1045 1045
1045 1045
1005 1045
1010 1045
1014 1045
1017 1045
1020 1045
1023 1045
1026 1045
1029 1045
1031 1045
1033 1045
1035 1045
1037 1045
1038 1045
1040 1045
1042 1045
1043 1045
1044 1045
1045 1045
1046 1046
1046 1046
1020 1046
1024 1046
1028 1046
1031 1046
1034 1046
1037 1046
1039 1046
1041 1046
1043 1046
1045 1046
1046 1046
1046 1046
1011 1046
1015 1046
1019 1046
1023 1046
1026 1046
1029 1046
1032 1046
1035 1046
1038 1046
1040 1046
1042 1046
1043 1046
1044 1046
1045 1046
1046 1046
1046 1046
1002 1046
1007 1046
1011 1046
1015 1046
1018 1046
1021 1046
1024 1046
1027 1046
1030 1046
1033 1046
1035 1046
1037 1046
1039 1046
1041 1046
1043 1046
1044 1046
1045 1046
1046 1046
1046 1046
1002 1046
1007 1046
1011 1046
1015 1046
1018 1046
1021 1046
1024 1046
1027 1046
1029 1046
1031 1046
1033 1046
1036 1046
1038 1046
1040 1046
1041 1046
1042 1046
1043 1046
1044 1046
1046 1046
1046 1046
1025 1046
1029 1046
1032 1046
1035 1046
1037 1046
1039 1046
1041 1046
1043 1046
1044 1046
1045 1046
1046 1046
1046 1046
1017 1046
1022 1046
1025 1046
1028 1046
1031 1046
1034 1046
1037 1046
1039 1046
1041 1046
1043 1046
1044 1046
1045 1046
1046 1046
1046 1046
1012 1046
1016 1046
1019 1046
1022 1046
1025 1046
1028 1046
1030 1046
1032 1046
1034 1046
1036 1046
1038 1046
1040 1046
1042 1046
1044 1046
1045 1046
1046 1046
1046 1046
1004 1046
1009 1046
1014 1046
1019 1046
1023 1046
1027 1046
1030 1046
1033 1046
1036 1046
1038 1046
1040 1046
1042 1046
1044 1046
1046 1046
1046 1046
1002 1046
1007 1046
1012 1046
1016 1046
1019 1046
1022 1046
1024 1046
1026 1046
1028 1046
1030 1046
1032 1046
1034 1046
1036 1046
1037 1046
1039 1046
1041 1046
1042 1046
1043 1046
1044 1046
1045 1046
1046 1046
1046 1046
996 1046
1000 1046
1004 1046
1007 1046
1010 1046
1013 1046
1016 1046
1019 1046
1022 1046
1024 1046
1026 1046
1028 1046
1030 1046
1032 1046
1033 1046
1034 1046
1036 1046
1037 1046
1039 1046
1041 1046
1042 1046
1043 1046
1044 1046
1045 1046
1046 1046
1046 1046
1024 1046
1029 1046
1033 1046
1037 1046
1040 1046
1042 1046
1044 1046
1045 1046
1046 1046
1046 1046
1015 1046
1018 1046
1021 1046
1024 1046
1027 1046
1029 1046
1031 1046
1033 1046
1034 1046
1036 1046
1037 1046
1038 1046
1039 1046
1040 1046
1041 1046
1042 1046
1043 1046
1044 1046
1045 1046
1045 1046
1015 1046
1018 1046
1021 1046
1024 1046
1026 1046
1028 1046
1030 1046
1032 1046
1033 1046
1035 1046
1036 1046
1038 1046
1040 1046
1041 1046
1042 1046
1043 1046
1044 1046
1045 1046
1046 1046
1046 1046
1012 1046
1017 1046
1021 1046
1024 1046
1027 1046
1030 1046
1032 1046
1034 1046
1036 1046
1038 1046
1040 1046
1041 1046
1042 1046
1043 1046
1044 1046
1045 1046
1046 1046
1046 1046
1025 1046
1028 1046
1031 1046
1034 1046
1036 1046
1038 1046
1040 1046
1042 1046
1043 1046
1044 1046
1046 1046
1046 1046
1016 1046
1020 1046
1024 1046
1027 1046
1030 1046
1033 1046
1036 1046
1038 1046
1040 1046
1041 1046
1042 1046
1043 1046
1044 1046
1045 1046
1046 1046
1046 1046
1021 1046
1025 1046
1029 1046
1032 1046
1035 1046
1038 1046
1040 1046
1042 1046
1044 1046
1045 1046
1046 1046
1046 1046
1019 1046
1022 1046
1025 1046
1027 1046
1029 1046
1031 1046
1034 1046
1036 1046
1038 1046
1040 1046
1042 1046
1044 1046
1045 1046
1046 1046
1046 1046
1020 1046
1025 1046
1028 1046
1031 1046
1034 1046
1037 1046
1039 1046
1041 1046
1043 1046
1045 1046
1046 1046
1046 1046
1016 1046
1021 1046
1025 1046
1029 1046
1032 1046
1035 1046
1037 1046
1039 1046
1041 1046
1043 1046
1044 1046
1045 1046
1046 1046
1046 1046
1027 1046
1030 1046
1033 1046
1036 1046
1038 1046
1040 1046
1041 1046
1042 1046
1043 1046
1045 1046
1046 1046
1046 1046
1012 1046
1016 1046
1019 1046
1022 1046
1025 1046
1028 1046
1031 1046
1033 1046
1035 1046
1037 1046
1038 1046
1039 1046
1041 1046
1043 1046
1044 1046
1045 1046
1046 1046
1046 1046
1015 1046
1020 1046
1024 1046
1027 1046
1030 1046
1032 1046
1034 1046
1036 1046
1038 1046
1040 1046
1042 1046
1043 1046
1044 1046
1045 1046
1046 1046
1046 1046
1029 1046
1032 1046
1034 1046
1036 1046
1038 1046
1040 1046
1041 1046
1042 1046
1044 1046
1045 1046
1046 1046
1046 1046
1003 1046
1009 1046
1014 1046
1018 1046
1022 1046
1025 1046
1028 1046
1031 1046
1033 1046
1035 1046
1037 1046
1039 1046
1041 1046
1042 1046
1043 1046
1044 1046
1046 1046
1046 1046
1006 1046
1011 1046
1015 1046
1018 1046
1021 1046
1025 1046
1027 1046
1029 1046
1031 1046
1033 1046
1035 1046
1037 1046
1039 1046
1041 1046
1042 1046
1043 1046
1044 1046
1045 1046
1046 1046
1046 1046
998 1046
1004 1046
1008 1046
1011 1046
1014 1046
1017 1046
1020 1046
1024 1046
1027 1046
1029 1046
1031 1046
1033 1046
1035 1046
1038 1046
1040 1046
1042 1046
1044 1046
1045 1046
1046 1046
1046 1046
1021 1046
1025 1046
1028 1046
1031 1046
1034 1046
1037 1046
1039 1046
1041 1046
1043 1046
1045 1046
1046 1046
1046 1046
1005 1046
1010 1046
1015 1046
1019 1046
1023 1046
1026 1046
1029 1046
1032 1046
1035 1046
1037 1046
1039 1046
1041 1046
1043 1046
1044 1046
1045 1046
1046 1046
1046 1046
999 1046
1004 1046
1008 1046
1012 1046
1015 1046
1018 1046
1021 1046
1024 1046
1027 1046
1029 1046
1031 1046
1033 1046
1035 1046
1037 1046
1038 1046
1039 1046
1040 1046
1041 1046
1042 1046
1043 1046
1043 1046
1016 1046
1021 1046
1026 1046
1029 1046
1032 1046
1034 1046
1036 1046
1038 1046
1040 1046
1042 1046
1044 1046
1045 1046
1046 1046
1046 1046
1008 1046
1012 1046
1016 1046
1020 1046
1024 1046
1027 1046
1030 1046
1033 1046
1035 1046
1037 1046
1039 1046
1041 1046
1042 1046
1043 1046
1044 1046
1046 1046
1046 1046
1016 1046
1021 1046
1024 1046
1027 1046
1029 1046
1031 1046
1033 1046
1035 1046
1036 1046
1038 1046
1039 1046
1041 1046
1043 1046
1044 1046
1045 1046
1046 1046
1046 1046
1015 1046
1020 1046
1024 1046
1027 1046
1029 1046
1031 1046
1034 1046
1036 1046
1038 1046
1040 1046
1042 1046
1043 1046
1044 1046
1045 1046
1046 1046
1046 1046
1014 1046
1017 1046
1020 1046
1023 1046
1026 1046
1029 1046
1032 1046
1034 1046
1036 1046
1038 1046
1040 1046
1042 1046
1043 1046
1044 1046
1045 1046
1046 1046
1046 1046
1021 1046
1026 1046
1030 1046
1034 1046
1037 1046
1040 1046
1042 1046
1043 1046
1044 1046
1045 1046
1046 1046
1046 1046
1009 1046
1015 1046
1020 1046
1023 1046
1026 1046
1029 1046
1032 1046
1035 1046
1037 1046
1039 1046
1041 1046
1043 1046
1044 1046
1045 1046
1046 1046
1046 1046
1011 1046
1016 1046
1021 1046
1025 1046
1028 1046
1030 1046
1032 1046
1034 1046
1036 1046
1037 1046
1038 1046
1040 1046
1041 1046
1042 1046
1043 1046
1044 1046
1045 1046
1046 1046
1046 1046
1020 1046
1023 1046
1026 1046
1029 1046
1032 1046
1034 1046
1036 1046
1038 1046
1040 1046
1041 1046
1042 1046
1043 1046
1044 1046
1045 1046
1046 1046
1046 1046
995 1046
1001 1046
1005 1046
1009 1046
1012 1046
1015 1046
1018 1046
1021 1046
1024 1046
1027 1046
1029 1046
1032 1046
1034 1046
1036 1046
1038 1046
1039 1046
1040 1046
1041 1046
1043 1046
1044 1046
1045 1046
1046 1046
1046 1046
1009 1046
1013 1046
1017 1046
1021 1046
1024 1046
1027 1046
1030 1046
1032 1046
1034 1046
1036 1046
1038 1046
1040 1046
1042 1046
1043 1046
1044 1046
1045 1046
1046 1046
1046 1046
1005 1046
1009 1046
1012 1046
1015 1046
1018 1046
1020 1046
1022 1046
1025 1046
1027 1046
1029 1046
1031 1046
1033 1046
1035 1046
1036 1046
1037 1046
1039 1046
1040 1046
1041 1046
1042 1046
1043 1046
1045 1046
1046 1046
1046 1046
1000 1046
1004 1046
1008 1046
1012 1046
1015 1046
1018 1046
1021 1046
1024 1046
1026 1046
1028 1046
1030 1046
1032 1046
1034 1046
1036 1046
1038 1046
1040 1046
1042 1046
1043 1046
1044 1046
1045 1046
1046 1046
1046 1046
1000 1046
1006 1046
1011 1046
1016 1046
1020 1046
1024 1046
1028 1046
1031 1046
1034 1046
1036 1046
1038 1046
1040 1046
1041 1046
1042 1046
1043 1046
1044 1046
1045 1046
1046 1046
1046 1046
1018 1046
1022 1046
1026 1046
1029 1046
1032 1046
1034 1046
1036 1046
1038 1046
1040 1046
1042 1046
1044 1046
1045 1046
1046 1046
1046 1046
1010 1046
1014 1046
1018 1046
1022 1046
1025 1046
1028 1046
1031 1046
1034 1046
1036 1046
1038 1046
1040 1046
1042 1046
1044 1046
1045 1046
1046 1046
1046 1046
1016 1046
1021 1046
1026 1046
1029 1046
1032 1046
1034 1046
1036 1046
1038 1046
1040 1046
1042 1046
1043 1046
1044 1046
1045 1046
1046 1046
1046 1046
1017 1046
1020 1046
1022 1046
1024 1046
1026 1046
1028 1046
1030 1046
1032 1046
1034 1046
1035 1046
1036 1046
1038 1046
1039 1046
1040 1046
1041 1046
1042 1046
1043 1046
1044 1046
1044 1046
1016 1046
1021 1046
1025 1046
1028 1046
1031 1046
1034 1046
1036 1046
1038 1046
1040 1046
1042 1046
1044 1046
1045 1046
1046 1046
1046 1046
1018 1046
1022 1046
1026 1046
1029 1046
1031 1046
1033 1046
1035 1046
1037 1046
1039 1046
1041 1046
1042 1046
1044 1046
1045 1046
1046 1046
1046 1046
1020 1046
1023 1046
1026 1046
1029 1046
1031 1046
1033 1046
1035 1046
1037 1046
1038 1046
1040 1046
1042 1046
1043 1046
1044 1046
1045 1046
1046 1046
1046 1046
1024 1046
1027 1046
1030 1046
1032 1046
1034 1046
1036 1046
1038 1046
1040 1046
1042 1046
1044 1046
1045 1046
1046 1046
1046 1046
1008 1046
1013 1046
1018 1046
1022 1046
1026 1046
1029 1046
1031 1046
1033 1046
1035 1046
1037 1046
1039 1046
1041 1046
1043 1046
1044 1046
1045 1046
1046 1046
1046 1046
998 1046
1003 1046
1007 1046
1010 1046
1013 1046
1016 1046
1018 1046
1021 1046
1023 1046
1025 1046
1027 1046
1029 1046
1031 1046
1033 1046
1035 1046
1037 1046
1039 1046
1041 1046
1042 1046
1043 1046
1044 1046
1045 1046
1046 1046
1046 1046
1008 1046
1012 1046
1015 1046
1018 1046
1021 1046
1024 1046
1027 1046
1030 1046
1032 1046
1034 1046
1036 1046
1037 1046
1038 1046
1039 1046
1040 1046
1041 1046
1042 1046
1043 1046
1045 1046
1046 1046
1046 1046
1015 1046
1019 1046
1023 1046
1026 1046
1028 1046
1030 1046
1033 1046
1035 1046
1037 1046
1039 1046
1040 1046
1041 1046
1042 1046
1043 1046
1044 1046
1045 1046
1046 1046
1046 1046
1034 1046
1037 1046
1040 1046
1042 1046
1043 1046
1044 1046
1045 1046
1046 1046
1046 1046
1006 1046
1011 1046
1015 1046
1018 1046
1021 1046
1024 1046
1027 1046
1030 1046
1032 1046
1034 1046
1036 1046
1038 1046
1040 1046
1042 1046
1043 1046
1044 1046
1045 1046
1046 1046
1046 1046
1012 1046
1017 1046
1021 1046
1025 1046
1029 1046
1032 1046
1035 1046
1038 1046
1040 1046
1042 1046
1044 1046
1045 1046
1046 1046
1046 1046
1022 1046
1025 1046
1027 1046
1030 1046
1032 1046
1034 1046
1036 1046
1038 1046
1040 1046
1042 1046
1044 1046
1045 1046
1046 1046
1046 1046
1016 1046
1020 1046
1023 1046
1026 1046
1029 1046
1032 1046
1035 1046
1037 1046
1039 1046
1041 1046
1042 1046
1043 1046
1044 1046
1045 1046
1046 1046
1046 1046
1009 1046
1013 1046
1017 1046
1020 1046
1023 1046
1026 1046
1028 1046
1030 1046
1032 1046
1034 1046
1036 1046
1037 1046
1038 1046
1039 1046
1041 1046
1042 1046
1043 1046
1044 1046
1045 1046
1046 1046
1046 1046
1015 1046
1018 1046
1021 1046
1024 1046
1027 1046
1029 1046
1031 1046
1033 1046
1035 1046
1037 1046
1038 1046
1040 1046
1042 1046
1043 1046
1044 1046
1045 1046
1046 1046
1046 1046
1023 1046
1028 1046
1031 1046
1034 1046
1037 1046
1040 1046
1042 1046
1044 1046
1045 1046
1046 1046
1046 1046
1024 1046
1027 1046
1030 1046
1033 1046
1035 1046
1037 1046
1039 1046
1041 1046
1043 1046
1045 1046
1046 1046
1046 1046
1016 1046
1019 1046
1022 1046
1025 1046
1027 1046
1029 1046
1032 1046
1034 1046
1035 1046
1036 1046
1037 1046
1039 1046
1040 1046
1041 1046
1043 1046
1044 1046
1045 1046
1046 1046
1046 1046
1006 1046
1011 1046
1015 1046
1019 1046
1022 1046
1025 1046
1028 1046
1031 1046
1034 1046
1036 1046
1038 1046
1040 1046
1042 1046
1043 1046
1044 1046
1045 1046
1046 1046
1046 1046
1014 1046
1019 1046
1023 1046
1026 1046
1029 1046
1032 1046
1035 1046
1037 1046
1039 1046
1041 1046
1043 1046
1044 1046
1045 1046
1046 1046
1046 1046
1012 1046
1016 1046
1019 1046
1022 1046
1025 1046
1028 1046
1030 1046
1032 1046
1034 1046
1036 1046
1038 1046
1040 1046
1042 1046
1043 1046
1044 1046
1045 1046
1046 1046
1046 1046
1002 1046
1007 1046
1011 1046
1014 1046
1017 1046
1020 1046
1023 1046
1025 1046
1027 1046
1029 1046
1032 1046
1034 1046
1036 1046
1038 1046
1040 1046
1041 1046
1042 1046
1043 1046
1044 1046
1045 1046
1046 1046
1046 1046
1016 1046
1020 1046
1023 1046
1026 1046
1029 1046
1032 1046
1035 1046
1037 1046
1039 1046
1041 1046
1042 1046
1043 1046
1044 1046
1045 1046
1046 1046
1046 1046
1001 1046
1006 1046
1011 1046
1016 1046
1020 1046
1024 1046
1028 1046
1031 1046
1033 1046
1035 1046
1037 1046
1039 1046
1041 1046
1043 1046
1045 1046
1046 1046
1046 1046
1008 1046
1014 1046
1018 1046
1021 1046
1024 1046
1027 1046
1029 1046
1031 1046
1034 1046
1036 1046
1038 1046
1040 1046
1042 1046
1043 1046
1044 1046
1045 1046
1046 1046
1046 1046
1016 1046
1021 1046
1025 1046
1028 1046
1031 1046
1034 1046
1036 1046
1038 1046
1040 1046
1042 1046
1044 1046
1045 1046
1046 1046
1046 1046
1018 1046
1022 1046
1026 1046
1030 1046
1033 1046
1036 1046
1038 1046
1040 1046
1041 1046
1043 1046
1044 1046
1045 1046
1046 1046
1046 1046
1023 1046
1027 1046
1030 1046
1034 1046
1036 1046
1038 1046
1040 1046
1042 1046
1043 1046
1045 1046
1046 1046
1046 1046
1020 1046
1025 1046
1029 1046
1032 1046
1035 1046
1037 1046
1039 1046
1041 1046
1043 1046
1044 1046
1045 1046
1046 1046
1046 1046
1014 1046
1019 1046
1023 1046
1027 1046
1030 1046
1032 1046
1034 1046
1036 1046
1038 1046
1040 1046
1042 1046
1044 1046
1045 1046
1046 1046
1046 1046
991 1046
997 1046
1002 1046
1006 1046
1010 1046
1013 1046
1016 1046
1019 1046
1022 1046
1024 1046
1026 1046
1028 1046
1031 1046
1033 1046
1035 1046
1037 1046
1039 1046
1041 1046
1043 1046
1045 1046
1046 1046
1046 1046
1014 1046
1017 1046
1020 1046
1023 1046
1026 1046
1029 1046
1032 1046
1035 1046
1037 1046
1039 1046
1041 1046
1043 1046
1044 1046
1045 1046
1046 1046
1046 1046
1023 1046
1026 1046
1028 1046
1030 1046
1032 1046
1034 1046
1036 1046
1038 1046
1040 1046
1043 1046
1044 1046
1045 1046
1046 1046
1046 1046
1010 1046
1015 1046
1018 1046
1021 1046
1024 1046
1026 1046
1029 1046
1031 1046
1033 1046
1035 1046
1037 1046
1038 1046
1039 1046
1040 1046
1041 1046
1042 1046
1043 1046
1044 1046
1045 1046
1045 1046
1030 1046
1034 1046
1037 1046
1040 1046
1042 1046
1044 1046
1045 1046
1046 1046
1046 1046
998 1046
1003 1046
1007 1046
1011 1046
1014 1046
1017 1046
1020 1046
1023 1046
1026 1046
1029 1046
1031 1046
1033 1046
1035 1046
1037 1046
1038 1046
1039 1046
1040 1046
1041 1046
1042 1046
1043 1046
1044 1046
1045 1046
1046 1046
1046 1046
1027 1046
1031 1046
1034 1046
1037 1046
1039 1046
1041 1046
1043 1046
1044 1046
1046 1046
1046 1046
1023 1046
1025 1046
1027 1046
1029 1046
1031 1046
1033 1046
1035 1046
1037 1046
1039 1046
1040 1046
1041 1046
1042 1046
1043 1046
1043 1046
1016 1046
1021 1046
1025 1046
1028 1046
1031 1046
1034 1046
1037 1046
1039 1046
1041 1046
1042 1046
1044 1046
1045 1046
1046 1046
1046 1046
1023 1046
1027 1046
1031 1046
1033 1046
1036 1046
1038 1046
1039 1046
1040 1046
1041 1046
1042 1046
1043 1046
1045 1046
1046 1046
1046 1046
1009 1046
1014 1046
1018 1046
1021 1046
1024 1046
1027 1046
1030 1046
1032 1046
1034 1046
1036 1046
1038 1046
1040 1046
1041 1046
1042 1046
1043 1046
1044 1046
1045 1046
1046 1046
1046 1046
1021 1046
1024 1046
1026 1046
1028 1046
1030 1046
1032 1046
1034 1046
1036 1046
1038 1046
1040 1046
1042 1046
1043 1046
1045 1046
1046 1046
1046 1046
1014 1046
1017 1046
1020 1046
1023 1046
1026 1046
1029 1046
1032 1046
1034 1046
1036 1046
1038 1046
1040 1046
1041 1046
1042 1046
1043 1046
1044 1046
1045 1046
1046 1046
1046 1046
1009 1046
1013 1046
1016 1046
1019 1046
1022 1046
1025 1046
1028 1046
1031 1046
1033 1046
1035 1046
1037 1046
1039 1046
1041 1046
1043 1046
1044 1046
1045 1046
1046 1046
1046 1046
1013 1046
1016 1046
1019 1046
1022 1046
1024 1046
1026 1046
1028 1046
1031 1046
1033 1046
1034 1046
1035 1046
1037 1046
1039 1046
1041 1046
1043 1046
1044 1046
1045 1046
1046 1046
1046 1046
1007 1046
1012 1046
1016 1046
1020 1046
1023 1046
1026 1046
1029 1046
1031 1046
1033 1046
1035 1046
1036 1046
1037 1046
1039 1046
1041 1046
1042 1046
1043 1046
1044 1046
1045 1046
1046 1046
1046 1046
1018 1046
1021 1046
1024 1046
1027 1046
1029 1046
1031 1046
1033 1046
1035 1046
1036 1046
1038 1046
1040 1046
1041 1046
1042 1046
1044 1046
1045 1046
1046 1046
1046 1046
1029 1046
1032 1046
1035 1046
1038 1046
1040 1046
1042 1046
1044 1046
1045 1046
1046 1046
1046 1046
1005 1046
1010 1046
1014 1046
1017 1046
1020 1046
1023 1046
1026 1046
1029 1046
1032 1046
1035 1046
1037 1046
1039 1046
1041 1046
1042 1046
1043 1046
1044 1046
1045 1046
1046 1046
1046 1046
1007 1046
1011 1046
1015 1046
1018 1046
1021 1046
1024 1046
1026 1046
1028 1046
1030 1046
1032 1046
1034 1046
1036 1046
1039 1046
1041 1046
1042 1046
1043 1046
1044 1046
1045 1046
1046 1046
1046 1046
1005 1046
1010 1046
1014 1046
1017 1046
1020 1046
1023 1046
1026 1046
1028 1046
1031 1046
1033 1046
1035 1046
1037 1046
1039 1046
1041 1046
1043 1046
1045 1046
1046 1046
1046 1046
1008 1046
1012 1046
1016 1046
1020 1046
1023 1046
1026 1046
1029 1046
1032 1046
1035 1046
1037 1046
1039 1046
1041 1046
1043 1046
1044 1046
1045 1046
1046 1046
1046 1046
1007 1046
1012 1046
1017 1046
1021 1046
1024 1046
1027 1046
1030 1046
1032 1046
1034 1046
1036 1046
1038 1046
1040 1046
1041 1046
1042 1046
1044 1046
1045 1046
1046 1046
1046 1046
1005 1046
1011 1046
1016 1046
1021 1046
1024 1046
1026 1046
1028 1046
1030 1046
1032 1046
1034 1046
1036 1046
1038 1046
1040 1046
1042 1046
1043 1046
1044 1046
1045 1046
1046 1046
1046 1046
997 1046
1002 1046
1006 1046
1010 1046
1013 1046
1016 1046
1019 1046
1022 1046
1025 1046
1028 1046
1031 1046
1033 1046
1035 1046
1038 1046
1040 1046
1042 1046
1044 1046
1045 1046
1046 1046
1046 1046
1016 1046
1019 1046
1022 1046
1025 1046
1028 1046
1030 1046
1032 1046
1034 1046
1036 1046
1038 1046
1040 1046
1042 1046
1044 1046
1045 1046
1046 1046
1046 1046
1010 1046
1014 1046
1017 1046
1020 1046
1023 1046
1025 1046
1027 1046
1029 1046
1031 1046
1033 1046
1035 1046
1037 1046
1038 1046
1039 1046
1040 1046
1042 1046
1043 1046
1044 1046
1045 1046
1046 1046
1046 1046
1012 1046
1016 1046
1020 1046
1023 1046
1025 1046
1027 1046
1030 1046
1032 1046
1035 1046
1037 1046
1038 1046
1039 1046
1040 1046
1041 1046
1042 1046
1043 1046
1044 1046
1045 1046
1046 1046
1046 1046
1019 1046
1023 1046
1026 1046
1029 1046
1031 1046
1033 1046
1035 1046
1037 1046
1039 1046
1041 1046
1042 1046
1043 1046
1044 1046
1045 1046
1046 1046
1046 1046
1027 1046
1031 1046
1034 1046
1037 1046
1040 1046
1042 1046
1044 1046
1045 1046
1046 1046
1046 1046
1006 1046
1010 1046
1013 1046
1016 1046
1019 1046
1022 1046
1025 1046
1027 1046
1029 1046
1031 1046
1033 1046
1035 1046
1037 1046
1039 1046
1040 1046
1041 1046
1042 1046
1044 1046
1045 1046
1046 1046
1046 1046
1016 1046
1020 1046
1024 1046
1028 1046
1032 1046
1035 1046
1037 1046
1039 1046
1041 1046
1043 1046
1045 1046
1046 1046
1046 1046
1011 1046
1015 1046
1018 1046
1021 1046
1025 1046
1028 1046
1030 1046
1033 1046
1035 1046
1037 1046
1040 1046
1042 1046
1043 1046
1044 1046
1045 1046
1046 1046
1046 1046
1027 1046
1031 1046
1035 1046
1039 1046
1041 1046
1043 1046
1045 1046
1046 1046
1046 1046
1011 1046
1016 1046
1020 1046
1023 1046
1026 1046
1029 1046
1032 1046
1035 1046
1037 1046
1039 1046
1041 1046
1042 1046
1043 1046
1044 1046
1046 1046
1046 1046
1017 1046
1021 1046
1025 1046
1028 1046
1031 1046
1033 1046
1035 1046
1038 1046
1040 1046
1041 1046
1042 1046
1043 1046
1044 1046
1045 1046
1046 1046
1046 1046
1011 1046
1015 1046
1019 1046
1022 1046
1025 1046
1028 1046
1030 1046
1032 1046
1034 1046
1036 1046
1038 1046
1040 1046
1042 1046
1043 1046
1044 1046
1045 1046
1046 1046
1046 1046
1017 1046
1022 1046
1026 1046
1029 1046
1032 1046
1035 1046
1037 1046
1039 1046
1041 1046
1043 1046
1045 1046
1046 1046
1046 1046
1021 1046
1025 1046
1029 1046
1032 1046
1035 1046
1037 1046
1039 1046
1041 1046
1043 1046
1044 1046
1045 1046
1046 1046
1046 1046
1016 1046
1020 1046
1024 1046
1028 1046
1032 1046
1035 1046
1038 1046
1040 1046
1042 1046
1043 1046
1044 1046
1045 1046
1046 1046
1046 1046
1016 1046
1021 1046
1025 1046
1027 1046
1029 1046
1032 1046
1034 1046
1036 1046
1038 1046
1040 1046
1041 1046
1042 1046
1043 1046
1044 1046
1045 1046
1046 1046
1046 1046
1032 1046
1036 1046
1038 1046
1040 1046
1042 1046
1043 1046
1044 1046
1046 1046
1046 1046
1007 1046
1012 1046
1015 1046
1018 1046
1021 1046
1024 1046
1027 1046
1029 1046
1031 1046
1033 1046
1035 1046
1038 1046
1040 1046
1042 1046
1043 1046
1044 1046
1045 1046
1046 1046
1046 1046
1010 1046
1014 1046
1018 1046
1021 1046
1024 1046
1026 1046
1028 1046
1030 1046
1032 1046
1035 1046
1037 1046
1039 1046
1041 1046
1043 1046
1044 1046
1046 1046
1046 1046
1005 1046
1011 1046
1016 1046
1020 1046
1023 1046
1026 1046
1028 1046
1030 1046
1032 1046
1034 1046
1036 1046
1038 1046
1040 1046
1041 1046
1042 1046
1043 1046
1044 1046
1045 1046
1046 1046
1046 1046
