940 940
947 947
951 951
955 955
958 958
961 961
964 964
967 967
970 970
973 973
976 976
979 979
981 981
983 983
985 985
987 987
989 989
991 991
994 994
996 996
998 998
1000 1000
1002 1002
1004 1004
1006 1006
1007 1007
1008 1008
1009 1009
1010 1010
1011 1011
1012 1012
1013 1013
1014 1014
1016 1016
1017 1017
1018 1018
1020 1020
1022 1022
1023 1023
1024 1024
1025 1025
1026 1026
1027 1027
1028 1028
1029 1029
1030 1030
1031 1031
1032 1032
1033 1033
1034 1034
1035 1035
1036 1036
1037 1037
1038 1038
1038 1038
1038 1038
1038 1038
947 1038
951 1038
955 1038
958 1038
961 1038
964 1038
967 1038
970 1038
973 1038
976 1038
979 1038
981 1038
983 1038
985 1038
987 1038
989 1038
991 1038
994 1038
996 1038
998 1038
1000 1038
1002 1038
1004 1038
1006 1038
1007 1038
1008 1038
1009 1038
1010 1038
1011 1038
1012 1038
1013 1038
1014 1038
1016 1038
1017 1038
1018 1038
1020 1038
1022 1038
1023 1038
1024 1038
1025 1038
1026 1038
1027 1038
1028 1038
1029 1038
1030 1038
1031 1038
1032 1038
1033 1038
1034 1038
1035 1038
1036 1038
1037 1038
1038 1038
1038 1038
1038 1038
1038 1038
947 1038
951 1038
955 1038
958 1038
961 1038
964 1038
967 1038
970 1038
973 1038
976 1038
979 1038
981 1038
983 1038
985 1038
987 1038
989 1038
991 1038
994 1038
996 1038
998 1038
1000 1038
1002 1038
1004 1038
1006 1038
1007 1038
1008 1038
1009 1038
1010 1038
1011 1038
1012 1038
1013 1038
1014 1038
1016 1038
1017 1038
1018 1038
1020 1038
1022 1038
1023 1038
1024 1038
1025 1038
1026 1038
1027 1038
1028 1038
1029 1038
1030 1038
1031 1038
1032 1038
1033 1038
1034 1038
1035 1038
1036 1038
1037 1038
1038 1038
1038 1038
1038 1038
1038 1038
947 1038
951 1038
955 1038
958 1038
961 1038
964 1038
967 1038
970 1038
973 1038
976 1038
979 1038
981 1038
983 1038
985 1038
987 1038
989 1038
991 1038
994 1038
996 1038
998 1038
1000 1038
1002 1038
1004 1038
1006 1038
1007 1038
1008 1038
1009 1038
1010 1038
1011 1038
1012 1038
1013 1038
1014 1038
1016 1038
1017 1038
1018 1038
1020 1038
1022 1038
1023 1038
1024 1038
1025 1038
1026 1038
1027 1038
1028 1038
1029 1038
1030 1038
1031 1038
1032 1038
1033 1038
1034 1038
1035 1038
1036 1038
1037 1038
1038 1038
1038 1038
1038 1038
1038 1038
947 1038
951 1038
955 1038
958 1038
961 1038
964 1038
967 1038
970 1038
973 1038
976 1038
979 1038
981 1038
983 1038
985 1038
987 1038
989 1038
991 1038
994 1038
996 1038
998 1038
1000 1038
1002 1038
1004 1038
1006 1038
1007 1038
1008 1038
1009 1038
1010 1038
1011 1038
1012 1038
1013 1038
1014 1038
1016 1038
1017 1038
1018 1038
1020 1038
1022 1038
1023 1038
1024 1038
1025 1038
1026 1038
1027 1038
1028 1038
1029 1038
1030 1038
1031 1038
1032 1038
1033 1038
1034 1038
1035 1038
1036 1038
1037 1038
1038 1038
1038 1038
1038 1038
1038 1038
947 1038
951 1038
955 1038
958 1038
961 1038
964 1038
967 1038
970 1038
973 1038
976 1038
979 1038
981 1038
983 1038
985 1038
987 1038
989 1038
991 1038
994 1038
996 1038
998 1038
1000 1038
1002 1038
1004 1038
1006 1038
1007 1038
1008 1038
1009 1038
1010 1038
1011 1038
1012 1038
1013 1038
1014 1038
1016 1038
1017 1038
1018 1038
1020 1038
1022 1038
1023 1038
1024 1038
1025 1038
1026 1038
1027 1038
1028 1038
1029 1038
1030 1038
1031 1038
1032 1038
1033 1038
1034 1038
1035 1038
1036 1038
1037 1038
1038 1038
1038 1038
1038 1038
1038 1038
947 1038
951 1038
955 1038
958 1038
961 1038
964 1038
967 1038
970 1038
973 1038
976 1038
979 1038
981 1038
983 1038
985 1038
987 1038
989 1038
991 1038
994 1038
996 1038
998 1038
1000 1038
1002 1038
1004 1038
1006 1038
1007 1038
1008 1038
1009 1038
1010 1038
1011 1038
1012 1038
1013 1038
1014 1038
1016 1038
1017 1038
1018 1038
1020 1038
1022 1038
1023 1038
1024 1038
1025 1038
1026 1038
1027 1038
1028 1038
1029 1038
1030 1038
1031 1038
1032 1038
1033 1038
1034 1038
1035 1038
1036 1038
1037 1038
1038 1038
1038 1038
1038 1038
1038 1038
947 1038
951 1038
955 1038
958 1038
961 1038
964 1038
967 1038
970 1038
973 1038
976 1038
979 1038
981 1038
983 1038
985 1038
987 1038
989 1038
991 1038
994 1038
996 1038
998 1038
1000 1038
1002 1038
1004 1038
1006 1038
1007 1038
1008 1038
1009 1038
1010 1038
1011 1038
1012 1038
1013 1038
1014 1038
1016 1038
1017 1038
1018 1038
1020 1038
1022 1038
1023 1038
1024 1038
1025 1038
1026 1038
1027 1038
1028 1038
1029 1038
1030 1038
1031 1038
1032 1038
1033 1038
1034 1038
1035 1038
1036 1038
1037 1038
1038 1038
1038 1038
1038 1038
1038 1038
947 1038
951 1038
955 1038
958 1038
961 1038
964 1038
967 1038
970 1038
973 1038
976 1038
979 1038
981 1038
983 1038
985 1038
987 1038
989 1038
991 1038
994 1038
996 1038
998 1038
1000 1038
1002 1038
1004 1038
1006 1038
1007 1038
1008 1038
1009 1038
1010 1038
1011 1038
1012 1038
1013 1038
1014 1038
1016 1038
1017 1038
1018 1038
1020 1038
1022 1038
1023 1038
1024 1038
1025 1038
1026 1038
1027 1038
1028 1038
1029 1038
1030 1038
1031 1038
1032 1038
1033 1038
1034 1038
1035 1038
1036 1038
1037 1038
1038 1038
1038 1038
1038 1038
1038 1038
947 1038
951 1038
955 1038
958 1038
961 1038
964 1038
967 1038
970 1038
973 1038
976 1038
979 1038
981 1038
983 1038
985 1038
987 1038
989 1038
991 1038
994 1038
996 1038
998 1038
1000 1038
1002 1038
1004 1038
1006 1038
1007 1038
1008 1038
1009 1038
1010 1038
1011 1038
1012 1038
1013 1038
1014 1038
1016 1038
1017 1038
1018 1038
1020 1038
1022 1038
1023 1038
1024 1038
1025 1038
1026 1038
1027 1038
1028 1038
1029 1038
1030 1038
1031 1038
1032 1038
1033 1038
1034 1038
1035 1038
1036 1038
1037 1038
1038 1038
1038 1038
1038 1038
1038 1038
947 1038
951 1038
955 1038
958 1038
961 1038
964 1038
967 1038
970 1038
973 1038
976 1038
979 1038
981 1038
983 1038
985 1038
987 1038
989 1038
991 1038
994 1038
996 1038
998 1038
1000 1038
1002 1038
1004 1038
1006 1038
1007 1038
1008 1038
1009 1038
1010 1038
1011 1038
1012 1038
1013 1038
1014 1038
1016 1038
1017 1038
1018 1038
1020 1038
1022 1038
1023 1038
1024 1038
1025 1038
1026 1038
1027 1038
1028 1038
1029 1038
1030 1038
1031 1038
1032 1038
1033 1038
1034 1038
1035 1038
1036 1038
1037 1038
1038 1038
1038 1038
1038 1038
1038 1038
947 1038
951 1038
955 1038
958 1038
961 1038
964 1038
967 1038
970 1038
973 1038
976 1038
979 1038
981 1038
983 1038
985 1038
987 1038
989 1038
991 1038
994 1038
996 1038
998 1038
1000 1038
1002 1038
1004 1038
1006 1038
1007 1038
1008 1038
1009 1038
1010 1038
1011 1038
1012 1038
1013 1038
1014 1038
1016 1038
1017 1038
1018 1038
1020 1038
1022 1038
1023 1038
1024 1038
1025 1038
1026 1038
1027 1038
1028 1038
1029 1038
1030 1038
1031 1038
1032 1038
1033 1038
1034 1038
1035 1038
1036 1038
1037 1038
1038 1038
1038 1038
1038 1038
1038 1038
947 1038
951 1038
955 1038
958 1038
961 1038
964 1038
967 1038
970 1038
973 1038
976 1038
979 1038
981 1038
983 1038
985 1038
987 1038
989 1038
991 1038
994 1038
996 1038
998 1038
1000 1038
1002 1038
1004 1038
1006 1038
1007 1038
1008 1038
1009 1038
1010 1038
1011 1038
1012 1038
1013 1038
1014 1038
1016 1038
1017 1038
1018 1038
1020 1038
1022 1038
1023 1038
1024 1038
1025 1038
1026 1038
1027 1038
1028 1038
1029 1038
1030 1038
1031 1038
1032 1038
1033 1038
1034 1038
1035 1038
1036 1038
1037 1038
1038 1038
1038 1038
1038 1038
1038 1038
947 1038
951 1038
955 1038
958 1038
961 1038
964 1038
967 1038
970 1038
973 1038
976 1038
979 1038
981 1038
983 1038
985 1038
987 1038
989 1038
991 1038
994 1038
996 1038
998 1038
1000 1038
1002 1038
1004 1038
1006 1038
1007 1038
1008 1038
1009 1038
1010 1038
1011 1038
1012 1038
1013 1038
1014 1038
1016 1038
1017 1038
1018 1038
1020 1038
1022 1038
1023 1038
1024 1038
1025 1038
1026 1038
1027 1038
1028 1038
1029 1038
1030 1038
1031 1038
1032 1038
1033 1038
1034 1038
1035 1038
1036 1038
1037 1038
1038 1038
1038 1038
1038 1038
1038 1038
947 1038
951 1038
955 1038
958 1038
961 1038
964 1038
967 1038
970 1038
973 1038
976 1038
979 1038
981 1038
983 1038
985 1038
987 1038
989 1038
991 1038
994 1038
996 1038
998 1038
1000 1038
1002 1038
1004 1038
1006 1038
1007 1038
1008 1038
1009 1038
1010 1038
1011 1038
1012 1038
1013 1038
1014 1038
1016 1038
1017 1038
1018 1038
1020 1038
1022 1038
1023 1038
1024 1038
1025 1038
1026 1038
1027 1038
1028 1038
1029 1038
1030 1038
1031 1038
1032 1038
1033 1038
1034 1038
1035 1038
1036 1038
1037 1038
1038 1038
1038 1038
1038 1038
1038 1038
947 1038
951 1038
955 1038
958 1038
961 1038
964 1038
967 1038
970 1038
973 1038
976 1038
979 1038
981 1038
983 1038
985 1038
987 1038
989 1038
991 1038
994 1038
996 1038
998 1038
1000 1038
1002 1038
1004 1038
1006 1038
1007 1038
1008 1038
1009 1038
1010 1038
1011 1038
1012 1038
1013 1038
1014 1038
1016 1038
1017 1038
1018 1038
1020 1038
1022 1038
1023 1038
1024 1038
1025 1038
1026 1038
1027 1038
1028 1038
1029 1038
1030 1038
1031 1038
1032 1038
1033 1038
1034 1038
1035 1038
1036 1038
1037 1038
1038 1038
1038 1038
1038 1038
1038 1038
947 1038
951 1038
955 1038
958 1038
961 1038
964 1038
967 1038
970 1038
973 1038
976 1038
979 1038
981 1038
983 1038
985 1038
987 1038
989 1038
991 1038
994 1038
996 1038
998 1038
1000 1038
1002 1038
1004 1038
1006 1038
1007 1038
1008 1038
1009 1038
1010 1038
1011 1038
1012 1038
1013 1038
1014 1038
1016 1038
1017 1038
1018 1038
1020 1038
1022 1038
1023 1038
1024 1038
1025 1038
1026 1038
1027 1038
1028 1038
1029 1038
1030 1038
1031 1038
1032 1038
1033 1038
1034 1038
1035 1038
1036 1038
1037 1038
1038 1038
1038 1038
1038 1038
1038 1038
947 1038
951 1038
955 1038
958 1038
961 1038
964 1038
967 1038
970 1038
973 1038
976 1038
979 1038
981 1038
983 1038
985 1038
987 1038
989 1038
991 1038
994 1038
996 1038
998 1038
1000 1038
1002 1038
1004 1038
1006 1038
1007 1038
1008 1038
1009 1038
1010 1038
1011 1038
1012 1038
1013 1038
1014 1038
1016 1038
1017 1038
1018 1038
1020 1038
1022 1038
1023 1038
1024 1038
1025 1038
1026 1038
1027 1038
1028 1038
1029 1038
1030 1038
1031 1038
1032 1038
1033 1038
1034 1038
1035 1038
1036 1038
1037 1038
1038 1038
1038 1038
1038 1038
1038 1038
947 1038
951 1038
955 1038
958 1038
961 1038
964 1038
967 1038
970 1038
973 1038
976 1038
979 1038
981 1038
983 1038
985 1038
987 1038
989 1038
991 1038
994 1038
996 1038
998 1038
1000 1038
1002 1038
1004 1038
1006 1038
1007 1038
1008 1038
1009 1038
1010 1038
1011 1038
1012 1038
1013 1038
1014 1038
1016 1038
1017 1038
1018 1038
1020 1038
1022 1038
1023 1038
1024 1038
1025 1038
1026 1038
1027 1038
1028 1038
1029 1038
1030 1038
1031 1038
1032 1038
1033 1038
1034 1038
1035 1038
1036 1038
1037 1038
1038 1038
1038 1038
1038 1038
1038 1038
947 1038
951 1038
955 1038
958 1038
961 1038
964 1038
967 1038
970 1038
973 1038
976 1038
979 1038
981 1038
983 1038
985 1038
987 1038
989 1038
991 1038
994 1038
996 1038
998 1038
1000 1038
1002 1038
1004 1038
1006 1038
1007 1038
1008 1038
1009 1038
1010 1038
1011 1038
1012 1038
1013 1038
1014 1038
1016 1038
1017 1038
1018 1038
1020 1038
1022 1038
1023 1038
1024 1038
1025 1038
1026 1038
1027 1038
1028 1038
1029 1038
1030 1038
1031 1038
1032 1038
1033 1038
1034 1038
1035 1038
1036 1038
1037 1038
1038 1038
1038 1038
1038 1038
1038 1038
947 1038
951 1038
955 1038
958 1038
961 1038
964 1038
967 1038
970 1038
973 1038
976 1038
979 1038
981 1038
983 1038
985 1038
987 1038
989 1038
991 1038
994 1038
996 1038
998 1038
1000 1038
1002 1038
1004 1038
1006 1038
1007 1038
1008 1038
1009 1038
1010 1038
1011 1038
1012 1038
1013 1038
1014 1038
1016 1038
1017 1038
1018 1038
1020 1038
1022 1038
1023 1038
1024 1038
1025 1038
1026 1038
1027 1038
1028 1038
1029 1038
1030 1038
1031 1038
1032 1038
1033 1038
1034 1038
1035 1038
1036 1038
1037 1038
1038 1038
1038 1038
1038 1038
1038 1038
947 1038
951 1038
955 1038
958 1038
961 1038
964 1038
967 1038
970 1038
973 1038
976 1038
979 1038
981 1038
983 1038
985 1038
987 1038
989 1038
991 1038
994 1038
996 1038
998 1038
1000 1038
1002 1038
1004 1038
1006 1038
1007 1038
1008 1038
1009 1038
1010 1038
1011 1038
1012 1038
1013 1038
1014 1038
1016 1038
1017 1038
1018 1038
1020 1038
1022 1038
1023 1038
1024 1038
1025 1038
1026 1038
1027 1038
1028 1038
1029 1038
1030 1038
1031 1038
1032 1038
1033 1038
1034 1038
1035 1038
1036 1038
1037 1038
1038 1038
1038 1038
1038 1038
1038 1038
947 1038
951 1038
955 1038
958 1038
961 1038
964 1038
967 1038
970 1038
973 1038
976 1038
979 1038
981 1038
983 1038
985 1038
987 1038
989 1038
991 1038
994 1038
996 1038
998 1038
1000 1038
1002 1038
1004 1038
1006 1038
1007 1038
1008 1038
1009 1038
1010 1038
1011 1038
1012 1038
1013 1038
1014 1038
1016 1038
1017 1038
1018 1038
1020 1038
1022 1038
1023 1038
1024 1038
1025 1038
1026 1038
1027 1038
1028 1038
1029 1038
1030 1038
1031 1038
1032 1038
1033 1038
1034 1038
1035 1038
1036 1038
1037 1038
1038 1038
1038 1038
1038 1038
1038 1038
947 1038
951 1038
955 1038
958 1038
961 1038
964 1038
967 1038
970 1038
973 1038
976 1038
979 1038
981 1038
983 1038
985 1038
987 1038
989 1038
991 1038
994 1038
996 1038
998 1038
1000 1038
1002 1038
1004 1038
1006 1038
1007 1038
1008 1038
1009 1038
1010 1038
1011 1038
1012 1038
1013 1038
1014 1038
1016 1038
1017 1038
1018 1038
1020 1038
1022 1038
1023 1038
1024 1038
1025 1038
1026 1038
1027 1038
1028 1038
1029 1038
1030 1038
1031 1038
1032 1038
1033 1038
1034 1038
1035 1038
1036 1038
1037 1038
1038 1038
1038 1038
1038 1038
1038 1038
947 1038
951 1038
955 1038
958 1038
961 1038
964 1038
967 1038
970 1038
973 1038
976 1038
979 1038
981 1038
983 1038
985 1038
987 1038
989 1038
991 1038
994 1038
996 1038
998 1038
1000 1038
1002 1038
1004 1038
1006 1038
1007 1038
1008 1038
1009 1038
1010 1038
1011 1038
1012 1038
1013 1038
1014 1038
1016 1038
1017 1038
1018 1038
1020 1038
1022 1038
1023 1038
1024 1038
1025 1038
1026 1038
1027 1038
1028 1038
1029 1038
1030 1038
1031 1038
1032 1038
1033 1038
1034 1038
1035 1038
1036 1038
1037 1038
1038 1038
1038 1038
1038 1038
1038 1038
947 1038
951 1038
955 1038
958 1038
961 1038
964 1038
967 1038
970 1038
973 1038
976 1038
979 1038
981 1038
983 1038
985 1038
987 1038
989 1038
991 1038
994 1038
996 1038
998 1038
1000 1038
1002 1038
1004 1038
1006 1038
1007 1038
1008 1038
1009 1038
1010 1038
1011 1038
1012 1038
1013 1038
1014 1038
1016 1038
1017 1038
1018 1038
1020 1038
1022 1038
1023 1038
1024 1038
1025 1038
1026 1038
1027 1038
1028 1038
1029 1038
1030 1038
1031 1038
1032 1038
1033 1038
1034 1038
1035 1038
1036 1038
1037 1038
1038 1038
1038 1038
1038 1038
1038 1038
947 1038
951 1038
955 1038
958 1038
961 1038
964 1038
967 1038
970 1038
973 1038
976 1038
979 1038
981 1038
983 1038
985 1038
987 1038
989 1038
991 1038
994 1038
996 1038
998 1038
1000 1038
1002 1038
1004 1038
1006 1038
1007 1038
1008 1038
1009 1038
1010 1038
1011 1038
1012 1038
1013 1038
1014 1038
1016 1038
1017 1038
1018 1038
1020 1038
1022 1038
1023 1038
1024 1038
1025 1038
1026 1038
1027 1038
1028 1038
1029 1038
1030 1038
1031 1038
1032 1038
1033 1038
1034 1038
1035 1038
1036 1038
1037 1038
1038 1038
1038 1038
1038 1038
1038 1038
947 1038
951 1038
955 1038
958 1038
961 1038
964 1038
967 1038
970 1038
973 1038
976 1038
979 1038
981 1038
983 1038
985 1038
987 1038
989 1038
991 1038
994 1038
996 1038
998 1038
1000 1038
1002 1038
1004 1038
1006 1038
1007 1038
1008 1038
1009 1038
1010 1038
1011 1038
1012 1038
1013 1038
1014 1038
1016 1038
1017 1038
1018 1038
1020 1038
1022 1038
1023 1038
1024 1038
1025 1038
1026 1038
1027 1038
1028 1038
1029 1038
1030 1038
1031 1038
1032 1038
1033 1038
1034 1038
1035 1038
1036 1038
1037 1038
1038 1038
1038 1038
1038 1038
1038 1038
947 1038
951 1038
955 1038
958 1038
961 1038
964 1038
967 1038
970 1038
973 1038
976 1038
979 1038
981 1038
983 1038
985 1038
987 1038
989 1038
991 1038
994 1038
996 1038
998 1038
1000 1038
1002 1038
1004 1038
1006 1038
1007 1038
1008 1038
1009 1038
1010 1038
1011 1038
1012 1038
1013 1038
1014 1038
1016 1038
1017 1038
1018 1038
1020 1038
1022 1038
1023 1038
1024 1038
1025 1038
1026 1038
1027 1038
1028 1038
1029 1038
1030 1038
1031 1038
1032 1038
1033 1038
1034 1038
1035 1038
1036 1038
1037 1038
1038 1038
1038 1038
1038 1038
1038 1038
947 1038
951 1038
955 1038
958 1038
961 1038
964 1038
967 1038
970 1038
973 1038
976 1038
979 1038
981 1038
983 1038
985 1038
987 1038
989 1038
991 1038
994 1038
996 1038
998 1038
1000 1038
1002 1038
1004 1038
1006 1038
1007 1038
1008 1038
1009 1038
1010 1038
1011 1038
1012 1038
1013 1038
1014 1038
1016 1038
1017 1038
1018 1038
1020 1038
1022 1038
1023 1038
1024 1038
1025 1038
1026 1038
1027 1038
1028 1038
1029 1038
1030 1038
1031 1038
1032 1038
1033 1038
1034 1038
1035 1038
1036 1038
1037 1038
1038 1038
1038 1038
1038 1038
1038 1038
947 1038
951 1038
955 1038
958 1038
961 1038
964 1038
967 1038
970 1038
973 1038
976 1038
979 1038
981 1038
983 1038
985 1038
987 1038
989 1038
991 1038
994 1038
996 1038
998 1038
1000 1038
1002 1038
1004 1038
1006 1038
1007 1038
1008 1038
1009 1038
1010 1038
1011 1038
1012 1038
1013 1038
1014 1038
1016 1038
1017 1038
1018 1038
1020 1038
1022 1038
1023 1038
1024 1038
1025 1038
1026 1038
1027 1038
1028 1038
1029 1038
1030 1038
1031 1038
1032 1038
1033 1038
1034 1038
1035 1038
1036 1038
1037 1038
1038 1038
1038 1038
1038 1038
1038 1038
947 1038
951 1038
955 1038
958 1038
961 1038
964 1038
967 1038
970 1038
973 1038
976 1038
979 1038
981 1038
983 1038
985 1038
987 1038
989 1038
991 1038
994 1038
996 1038
998 1038
1000 1038
1002 1038
1004 1038
1006 1038
1007 1038
1008 1038
1009 1038
1010 1038
1011 1038
1012 1038
1013 1038
1014 1038
1016 1038
1017 1038
1018 1038
1020 1038
1022 1038
1023 1038
1024 1038
1025 1038
1026 1038
1027 1038
1028 1038
1029 1038
1030 1038
1031 1038
1032 1038
1033 1038
1034 1038
1035 1038
1036 1038
1037 1038
1038 1038
1038 1038
1038 1038
1038 1038
947 1038
951 1038
955 1038
958 1038
961 1038
964 1038
967 1038
970 1038
973 1038
976 1038
979 1038
981 1038
983 1038
985 1038
987 1038
989 1038
991 1038
994 1038
996 1038
998 1038
1000 1038
1002 1038
1004 1038
1006 1038
1007 1038
1008 1038
1009 1038
1010 1038
1011 1038
1012 1038
1013 1038
1014 1038
1016 1038
1017 1038
1018 1038
1020 1038
1022 1038
1023 1038
1024 1038
1025 1038
1026 1038
1027 1038
1028 1038
1029 1038
1030 1038
1031 1038
1032 1038
1033 1038
1034 1038
1035 1038
1036 1038
1037 1038
1038 1038
1038 1038
1038 1038
1038 1038
947 1038
951 1038
955 1038
958 1038
961 1038
964 1038
967 1038
970 1038
973 1038
976 1038
979 1038
981 1038
983 1038
985 1038
987 1038
989 1038
991 1038
994 1038
996 1038
998 1038
1000 1038
1002 1038
1004 1038
1006 1038
1007 1038
1008 1038
1009 1038
1010 1038
1011 1038
1012 1038
1013 1038
1014 1038
1016 1038
1017 1038
1018 1038
1020 1038
1022 1038
1023 1038
1024 1038
1025 1038
1026 1038
1027 1038
1028 1038
1029 1038
1030 1038
1031 1038
1032 1038
1033 1038
1034 1038
1035 1038
1036 1038
1037 1038
1038 1038
1038 1038
1038 1038
1038 1038
947 1038
951 1038
955 1038
958 1038
961 1038
964 1038
967 1038
970 1038
973 1038
976 1038
979 1038
981 1038
983 1038
985 1038
987 1038
989 1038
991 1038
994 1038
996 1038
998 1038
1000 1038
1002 1038
1004 1038
1006 1038
1007 1038
1008 1038
1009 1038
1010 1038
1011 1038
1012 1038
1013 1038
1014 1038
1016 1038
1017 1038
1018 1038
1020 1038
1022 1038
1023 1038
1024 1038
1025 1038
1026 1038
1027 1038
1028 1038
1029 1038
1030 1038
1031 1038
1032 1038
1033 1038
1034 1038
1035 1038
1036 1038
1037 1038
1038 1038
1038 1038
1038 1038
1038 1038
947 1038
951 1038
955 1038
958 1038
961 1038
964 1038
967 1038
970 1038
973 1038
976 1038
979 1038
981 1038
983 1038
985 1038
987 1038
989 1038
991 1038
994 1038
996 1038
998 1038
1000 1038
1002 1038
1004 1038
1006 1038
1007 1038
1008 1038
1009 1038
1010 1038
1011 1038
1012 1038
1013 1038
1014 1038
1016 1038
1017 1038
1018 1038
1020 1038
1022 1038
1023 1038
1024 1038
1025 1038
1026 1038
1027 1038
1028 1038
1029 1038
1030 1038
1031 1038
1032 1038
1033 1038
1034 1038
1035 1038
1036 1038
1037 1038
1038 1038
1038 1038
1038 1038
1038 1038
947 1038
951 1038
955 1038
958 1038
961 1038
964 1038
967 1038
970 1038
973 1038
976 1038
979 1038
981 1038
983 1038
985 1038
987 1038
989 1038
991 1038
994 1038
996 1038
998 1038
1000 1038
1002 1038
1004 1038
1006 1038
1007 1038
1008 1038
1009 1038
1010 1038
1011 1038
1012 1038
1013 1038
1014 1038
1016 1038
1017 1038
1018 1038
1020 1038
1022 1038
1023 1038
1024 1038
1025 1038
1026 1038
1027 1038
1028 1038
1029 1038
1030 1038
1031 1038
1032 1038
1033 1038
1034 1038
1035 1038
1036 1038
1037 1038
1038 1038
1038 1038
1038 1038
1038 1038
947 1038
951 1038
955 1038
958 1038
961 1038
964 1038
967 1038
970 1038
973 1038
976 1038
979 1038
981 1038
983 1038
985 1038
987 1038
989 1038
991 1038
994 1038
996 1038
998 1038
1000 1038
1002 1038
1004 1038
1006 1038
1007 1038
1008 1038
1009 1038
1010 1038
1011 1038
1012 1038
1013 1038
1014 1038
1016 1038
1017 1038
1018 1038
1020 1038
1022 1038
1023 1038
1024 1038
1025 1038
1026 1038
1027 1038
1028 1038
1029 1038
1030 1038
1031 1038
1032 1038
1033 1038
1034 1038
1035 1038
1036 1038
1037 1038
1038 1038
1038 1038
1038 1038
1038 1038
947 1038
951 1038
955 1038
958 1038
961 1038
964 1038
967 1038
970 1038
973 1038
976 1038
979 1038
981 1038
983 1038
985 1038
987 1038
989 1038
991 1038
994 1038
996 1038
998 1038
1000 1038
1002 1038
1004 1038
1006 1038
1007 1038
1008 1038
1009 1038
1010 1038
1011 1038
1012 1038
1013 1038
1014 1038
1016 1038
1017 1038
1018 1038
1020 1038
1022 1038
1023 1038
1024 1038
1025 1038
1026 1038
1027 1038
1028 1038
1029 1038
1030 1038
1031 1038
1032 1038
1033 1038
1034 1038
1035 1038
1036 1038
1037 1038
1038 1038
1038 1038
1038 1038
1038 1038
947 1038
951 1038
955 1038
958 1038
961 1038
964 1038
967 1038
970 1038
973 1038
976 1038
979 1038
981 1038
983 1038
985 1038
987 1038
989 1038
991 1038
994 1038
996 1038
998 1038
1000 1038
1002 1038
1004 1038
1006 1038
1007 1038
1008 1038
1009 1038
1010 1038
1011 1038
1012 1038
1013 1038
1014 1038
1016 1038
1017 1038
1018 1038
1020 1038
1022 1038
1023 1038
1024 1038
1025 1038
1026 1038
1027 1038
1028 1038
1029 1038
1030 1038
1031 1038
1032 1038
1033 1038
1034 1038
1035 1038
1036 1038
1037 1038
1038 1038
1038 1038
1038 1038
1038 1038
947 1038
951 1038
955 1038
958 1038
961 1038
964 1038
967 1038
970 1038
973 1038
976 1038
979 1038
981 1038
983 1038
985 1038
987 1038
989 1038
991 1038
994 1038
996 1038
998 1038
1000 1038
1002 1038
1004 1038
1006 1038
1007 1038
1008 1038
1009 1038
1010 1038
1011 1038
1012 1038
1013 1038
1014 1038
1016 1038
1017 1038
1018 1038
1020 1038
1022 1038
1023 1038
1024 1038
1025 1038
1026 1038
1027 1038
1028 1038
1029 1038
1030 1038
1031 1038
1032 1038
1033 1038
1034 1038
1035 1038
1036 1038
1037 1038
1038 1038
1038 1038
1038 1038
1038 1038
