927 927
913 927
913 927
914 927
915 927
917 927
920 927
921 927
922 927
924 927
926 927
927 927
928 928
930 930
931 931
933 933
936 936
938 938
940 940
943 943
944 944
945 945
948 948
949 949
951 951
952 952
953 953
954 954
957 957
959 959
960 960
961 961
962 962
965 965
968 968
969 969
970 970
971 971
972 972
974 974
976 976
977 977
978 978
981 981
982 982
986 986
987 987
988 988
989 989
990 990
992 992
993 993
995 995
996 996
998 998
999 999
1000 1000
1002 1002
1003 1003
1004 1004
1005 1005
1006 1006
1007 1007
1008 1008
1009 1009
1010 1010
1012 1012
1014 1014
1015 1015
1016 1016
1017 1017
1018 1018
1019 1019
1020 1020
1021 1021
1022 1022
1023 1023
1024 1024
1025 1025
1027 1027
1029 1029
1030 1030
1031 1031
1033 1033
1034 1034
1036 1036
1037 1037
931 1037
931 1037
935 1037
939 1037
940 1037
942 1037
943 1037
945 1037
947 1037
950 1037
951 1037
952 1037
953 1037
954 1037
955 1037
956 1037
958 1037
959 1037
961 1037
962 1037
963 1037
964 1037
967 1037
968 1037
970 1037
973 1037
975 1037
976 1037
980 1037
981 1037
982 1037
985 1037
987 1037
988 1037
989 1037
990 1037
991 1037
993 1037
994 1037
997 1037
998 1037
999 1037
1000 1037
1001 1037
1002 1037
1003 1037
1005 1037
1006 1037
1007 1037
1009 1037
1010 1037
1012 1037
1014 1037
1015 1037
1016 1037
1017 1037
1018 1037
1019 1037
1021 1037
1022 1037
1023 1037
1024 1037
1025 1037
1026 1037
1027 1037
1028 1037
1029 1037
1031 1037
923 1037
923 1037
924 1037
926 1037
928 1037
929 1037
931 1037
932 1037
933 1037
938 1037
942 1037
943 1037
946 1037
947 1037
948 1037
950 1037
953 1037
957 1037
959 1037
960 1037
963 1037
965 1037
969 1037
970 1037
971 1037
972 1037
973 1037
975 1037
978 1037
979 1037
980 1037
981 1037
982 1037
983 1037
985 1037
986 1037
987 1037
989 1037
991 1037
992 1037
994 1037
996 1037
998 1037
1000 1037
1002 1037
1004 1037
1006 1037
1007 1037
1008 1037
1011 1037
1012 1037
1013 1037
1014 1037
1015 1037
1016 1037
1017 1037
1019 1037
1020 1037
1021 1037
1023 1037
1025 1037
1026 1037
1027 1037
1028 1037
1031 1037
1032 1037
1033 1037
1036 1037
1037 1037
1038 1038
1039 1039
1040 1040
1041 1041
1042 1042
944 1042
944 1042
945 1042
946 1042
948 1042
949 1042
951 1042
952 1042
953 1042
955 1042
957 1042
958 1042
960 1042
961 1042
962 1042
964 1042
965 1042
966 1042
967 1042
968 1042
969 1042
970 1042
971 1042
972 1042
973 1042
975 1042
976 1042
977 1042
978 1042
980 1042
981 1042
982 1042
984 1042
985 1042
986 1042
987 1042
988 1042
991 1042
992 1042
995 1042
996 1042
998 1042
1000 1042
1001 1042
1002 1042
1003 1042
1004 1042
1005 1042
1007 1042
1009 1042
1010 1042
1011 1042
1013 1042
1015 1042
1016 1042
1017 1042
1018 1042
1019 1042
1022 1042
1023 1042
1024 1042
1025 1042
1026 1042
1027 1042
1028 1042
1029 1042
1030 1042
1031 1042
1032 1042
1033 1042
1035 1042
1036 1042
1037 1042
1039 1042
1040 1042
1041 1042
1042 1042
1043 1043
1044 1044
1045 1045
1046 1046
1047 1047
1048 1048
926 1048
926 1048
928 1048
929 1048
930 1048
932 1048
934 1048
935 1048
936 1048
937 1048
940 1048
942 1048
945 1048
948 1048
950 1048
951 1048
952 1048
953 1048
955 1048
958 1048
960 1048
963 1048
965 1048
966 1048
967 1048
968 1048
969 1048
970 1048
971 1048
973 1048
975 1048
979 1048
980 1048
982 1048
983 1048
984 1048
985 1048
988 1048
989 1048
991 1048
994 1048
996 1048
997 1048
998 1048
999 1048
1000 1048
1001 1048
1002 1048
1003 1048
1004 1048
1005 1048
1008 1048
1009 1048
1010 1048
1011 1048
1012 1048
1014 1048
1015 1048
1017 1048
1018 1048
1019 1048
1020 1048
1022 1048
1023 1048
1024 1048
1025 1048
1026 1048
1027 1048
1028 1048
1029 1048
1030 1048
1031 1048
1033 1048
1034 1048
1035 1048
1036 1048
1037 1048
1038 1048
1039 1048
