940 940
945 945
950 950
954 954
958 958
961 961
964 964
967 967
970 970
973 973
976 976
979 979
982 982
985 985
987 987
989 989
992 992
994 994
996 996
998 998
1000 1000
1002 1002
1004 1004
1006 1006
1008 1008
1010 1010
1012 1012
1014 1014
1015 1015
1016 1016
1018 1018
1019 1019
1020 1020
1021 1021
1022 1022
1023 1023
1024 1024
1025 1025
1026 1026
1027 1027
1028 1028
1030 1030
1032 1032
1033 1033
1034 1034
1035 1035
1036 1036
1037 1037
1038 1038
1039 1039
1040 1040
1041 1041
1041 1041
1041 1041
1041 1041
1041 1041
1041 1041
1042 1042
1042 1042
1042 1042
1042 1042
1043 1043
1043 1043
1043 1043
1043 1043
1043 1043
1043 1043
1043 1043
1043 1043
1043 1043
1043 1043
1043 1043
1043 1043
1043 1043
1043 1043
1043 1043
1043 1043
1043 1043
1043 1043
1043 1043
1043 1043
1043 1043
1043 1043
1043 1043
1043 1043
1043 1043
1043 1043
1043 1043
1043 1043
1043 1043
1043 1043
1043 1043
1044 1044
1044 1044
1044 1044
1044 1044
1044 1044
1044 1044
1044 1044
1044 1044
1044 1044
1044 1044
1044 1044
1044 1044
1044 1044
1044 1044
1044 1044
1044 1044
1044 1044
1044 1044
1044 1044
1044 1044
1044 1044
1045 1045
1045 1045
1045 1045
1044 1045
1044 1045
1044 1045
1043 1045
1043 1045
1042 1045
1042 1045
1042 1045
1042 1045
1042 1045
1041 1045
1041 1045
1040 1045
1040 1045
1040 1045
1040 1045
1040 1045
1040 1045
1040 1045
1041 1045
1042 1045
1042 1045
1042 1045
1043 1045
1043 1045
1043 1045
1043 1045
1043 1045
1043 1045
1044 1045
1044 1045
1044 1045
1044 1045
1044 1045
1044 1045
1044 1045
1044 1045
1044 1045
1044 1045
1044 1045
1044 1045
1044 1045
1045 1045
1045 1045
1045 1045
1045 1045
1045 1045
1045 1045
1045 1045
1045 1045
1045 1045
1045 1045
1046 1046
1046 1046
1046 1046
1046 1046
1046 1046
1046 1046
1047 1047
1047 1047
1047 1047
1047 1047
1047 1047
1047 1047
1046 1047
1046 1047
1046 1047
1046 1047
1046 1047
1045 1047
1045 1047
1045 1047
1045 1047
1044 1047
1044 1047
1044 1047
1044 1047
1044 1047
1044 1047
1044 1047
1044 1047
1044 1047
1044 1047
1044 1047
1044 1047
1044 1047
1044 1047
1044 1047
1044 1047
1044 1047
1045 1047
1045 1047
1045 1047
1045 1047
1046 1047
1046 1047
1046 1047
1046 1047
1046 1047
1046 1047
1046 1047
1046 1047
1046 1047
1046 1047
1046 1047
1046 1047
1046 1047
1046 1047
1046 1047
1046 1047
1046 1047
1046 1047
1046 1047
1046 1047
1046 1047
1047 1047
1047 1047
1047 1047
1047 1047
1047 1047
1047 1047
1047 1047
1047 1047
1046 1047
1046 1047
1046 1047
1046 1047
1046 1047
1046 1047
1045 1047
1046 1047
1046 1047
1046 1047
1046 1047
1047 1047
1047 1047
1047 1047
1047 1047
1048 1048
1049 1049
1050 1050
1050 1050
1050 1050
1050 1050
1051 1051
1051 1051
1051 1051
1051 1051
1051 1051
1051 1051
1051 1051
1051 1051
1051 1051
1051 1051
1051 1051
1051 1051
1051 1051
1050 1051
1050 1051
1050 1051
1050 1051
1049 1051
1048 1051
1048 1051
1048 1051
1048 1051
1048 1051
1048 1051
1048 1051
1048 1051
1048 1051
1048 1051
1048 1051
1048 1051
1048 1051
1048 1051
1048 1051
1047 1051
1046 1051
1045 1051
1044 1051
1044 1051
1044 1051
1044 1051
1044 1051
1044 1051
1044 1051
1044 1051
1044 1051
1044 1051
1044 1051
1044 1051
1044 1051
1044 1051
1044 1051
1044 1051
1044 1051
1044 1051
1044 1051
1044 1051
1044 1051
1044 1051
1044 1051
1044 1051
1044 1051
1044 1051
1044 1051
1044 1051
1044 1051
1044 1051
1044 1051
1044 1051
1044 1051
1044 1051
1044 1051
1044 1051
1043 1051
1043 1051
1043 1051
1043 1051
1043 1051
1043 1051
1043 1051
1043 1051
1042 1051
1042 1051
1042 1051
1042 1051
1042 1051
1042 1051
1042 1051
1042 1051
1042 1051
1042 1051
1042 1051
1042 1051
1042 1051
1042 1051
1042 1051
1042 1051
1042 1051
1042 1051
1042 1051
1043 1051
1044 1051
1044 1051
1044 1051
1044 1051
1045 1051
1045 1051
1045 1051
1045 1051
1045 1051
1045 1051
1045 1051
1045 1051
1045 1051
1045 1051
1045 1051
1045 1051
1045 1051
1045 1051
1045 1051
1045 1051
1045 1051
1045 1051
1045 1051
1045 1051
1045 1051
1045 1051
1046 1051
1045 1051
1045 1051
1044 1051
1045 1051
1045 1051
1045 1051
1045 1051
1045 1051
1045 1051
1045 1051
1045 1051
1045 1051
1045 1051
1045 1051
1046 1051
1046 1051
1046 1051
1046 1051
1046 1051
1046 1051
1046 1051
1046 1051
1046 1051
1046 1051
1046 1051
1046 1051
1046 1051
1046 1051
1046 1051
1046 1051
1046 1051
1046 1051
1046 1051
1046 1051
1046 1051
1045 1051
1045 1051
1045 1051
1045 1051
1045 1051
1045 1051
1045 1051
1045 1051
1045 1051
1045 1051
1046 1051
1046 1051
1046 1051
1046 1051
1046 1051
1046 1051
1047 1051
1048 1051
1048 1051
1048 1051
1048 1051
1049 1051
1050 1051
1050 1051
1050 1051
1051 1051
1051 1051
1051 1051
1051 1051
1051 1051
1051 1051
1051 1051
1051 1051
1051 1051
1051 1051
1051 1051
1051 1051
1051 1051
1051 1051
1051 1051
1051 1051
1051 1051
1051 1051
1051 1051
1051 1051
1051 1051
1051 1051
1050 1051
1050 1051
1050 1051
1050 1051
1050 1051
1051 1051
1051 1051
1051 1051
1051 1051
1051 1051
1051 1051
1051 1051
1051 1051
1051 1051
1051 1051
1051 1051
1051 1051
1051 1051
1051 1051
1051 1051
1051 1051
1051 1051
1051 1051
1051 1051
1051 1051
1051 1051
1051 1051
1051 1051
1051 1051
1051 1051
1051 1051
1051 1051
1051 1051
1051 1051
1050 1051
1050 1051
1050 1051
1050 1051
1050 1051
1050 1051
1050 1051
1050 1051
1050 1051
1050 1051
1050 1051
1049 1051
1048 1051
1048 1051
1048 1051
1048 1051
1048 1051
1048 1051
1048 1051
1049 1051
1049 1051
1049 1051
1049 1051
1048 1051
1048 1051
1048 1051
1048 1051
1049 1051
1049 1051
1049 1051
1049 1051
1050 1051
1050 1051
1050 1051
1050 1051
1050 1051
1050 1051
1050 1051
1050 1051
1049 1051
1049 1051
1048 1051
1049 1051
1048 1051
1048 1051
1048 1051
1048 1051
1048 1051
1048 1051
1048 1051
1048 1051
1047 1051
1046 1051
1046 1051
1046 1051
1046 1051
1046 1051
1046 1051
1046 1051
1046 1051
1046 1051
1046 1051
1045 1051
1045 1051
1044 1051
1045 1051
1045 1051
1045 1051
1045 1051
1044 1051
1043 1051
1042 1051
1042 1051
1042 1051
1042 1051
1041 1051
1041 1051
1040 1051
1040 1051
1040 1051
1040 1051
1040 1051
1040 1051
1040 1051
1040 1051
1040 1051
1041 1051
1041 1051
1041 1051
1041 1051
1041 1051
1042 1051
1042 1051
1042 1051
1042 1051
1041 1051
1041 1051
1041 1051
1041 1051
1041 1051
1041 1051
1041 1051
1041 1051
1041 1051
1041 1051
1041 1051
1041 1051
1041 1051
1041 1051
1041 1051
1041 1051
1041 1051
1042 1051
1042 1051
1042 1051
1042 1051
1042 1051
1042 1051
1041 1051
1041 1051
1041 1051
1041 1051
1040 1051
1040 1051
1040 1051
1040 1051
1040 1051
1040 1051
1040 1051
1040 1051
1040 1051
1041 1051
1041 1051
1041 1051
1042 1051
1042 1051
1042 1051
1042 1051
1042 1051
1042 1051
1042 1051
1042 1051
1042 1051
1042 1051
1042 1051
1042 1051
1042 1051
1042 1051
1042 1051
1042 1051
1042 1051
1042 1051
1042 1051
1042 1051
1043 1051
1043 1051
1043 1051
1043 1051
1043 1051
1043 1051
1043 1051
1042 1051
1042 1051
1042 1051
1042 1051
1042 1051
1042 1051
1042 1051
1042 1051
1042 1051
1042 1051
1042 1051
1042 1051
1042 1051
1042 1051
1042 1051
1042 1051
1042 1051
1042 1051
1042 1051
1042 1051
1042 1051
1042 1051
1042 1051
1042 1051
1042 1051
1042 1051
1042 1051
1042 1051
1042 1051
1042 1051
1042 1051
1043 1051
1043 1051
1043 1051
1044 1051
1044 1051
1044 1051
1044 1051
1044 1051
1044 1051
1044 1051
1044 1051
1044 1051
1044 1051
1044 1051
1044 1051
1044 1051
1044 1051
1044 1051
1044 1051
1044 1051
1044 1051
1044 1051
1044 1051
1044 1051
1044 1051
1044 1051
1044 1051
1044 1051
1044 1051
1044 1051
1044 1051
1044 1051
1044 1051
1044 1051
1044 1051
1044 1051
1044 1051
1045 1051
1045 1051
1045 1051
1045 1051
1045 1051
1045 1051
1045 1051
1045 1051
1046 1051
1046 1051
1046 1051
1046 1051
1046 1051
1046 1051
1046 1051
1047 1051
1047 1051
1047 1051
1047 1051
1048 1051
1048 1051
1048 1051
1048 1051
1048 1051
1048 1051
1048 1051
1048 1051
1048 1051
1048 1051
1048 1051
1048 1051
1048 1051
1047 1051
1046 1051
1046 1051
1046 1051
1046 1051
1046 1051
1046 1051
1046 1051
1046 1051
1046 1051
1046 1051
1046 1051
1046 1051
1047 1051
1047 1051
1047 1051
1047 1051
1047 1051
1047 1051
1047 1051
1047 1051
1047 1051
1047 1051
1047 1051
1047 1051
1047 1051
1047 1051
1047 1051
1047 1051
1048 1051
1048 1051
1048 1051
1048 1051
1048 1051
1048 1051
1048 1051
1048 1051
1048 1051
1048 1051
1049 1051
1049 1051
1049 1051
1049 1051
1049 1051
1049 1051
1049 1051
1050 1051
1050 1051
1050 1051
1050 1051
1050 1051
1050 1051
1050 1051
1050 1051
1050 1051
1050 1051
1050 1051
1049 1051
1049 1051
1049 1051
1049 1051
1049 1051
1049 1051
1048 1051
1048 1051
1048 1051
1048 1051
1048 1051
1047 1051
1047 1051
1046 1051
1046 1051
1046 1051
1045 1051
1045 1051
1045 1051
1045 1051
1045 1051
1045 1051
1044 1051
1044 1051
1043 1051
1043 1051
1043 1051
1044 1051
1044 1051
1044 1051
1044 1051
1044 1051
1044 1051
1045 1051
1045 1051
1045 1051
1045 1051
1045 1051
1045 1051
1045 1051
1045 1051
1045 1051
1045 1051
1045 1051
1045 1051
1046 1051
1046 1051
1046 1051
1046 1051
1047 1051
1047 1051
1047 1051
1048 1051
1048 1051
1048 1051
1048 1051
1048 1051
1048 1051
1048 1051
1048 1051
1048 1051
1049 1051
1049 1051
1049 1051
1049 1051
1049 1051
1049 1051
1049 1051
1049 1051
1049 1051
1049 1051
1049 1051
1049 1051
1049 1051
1050 1051
1049 1051
1048 1051
1048 1051
1048 1051
1048 1051
1048 1051
1048 1051
1048 1051
1048 1051
1048 1051
1048 1051
1048 1051
1048 1051
1048 1051
1048 1051
1048 1051
1048 1051
1048 1051
1048 1051
1048 1051
1048 1051
1047 1051
1047 1051
1048 1051
1048 1051
1048 1051
1048 1051
1048 1051
1048 1051
1048 1051
1048 1051
1048 1051
1048 1051
1048 1051
1048 1051
1049 1051
1049 1051
1049 1051
1049 1051
1049 1051
1049 1051
1049 1051
1049 1051
1049 1051
1050 1051
1050 1051
1050 1051
1050 1051
1050 1051
1050 1051
1050 1051
1050 1051
1050 1051
1050 1051
1050 1051
1050 1051
1050 1051
1050 1051
1050 1051
1050 1051
1050 1051
1051 1051
1051 1051
1051 1051
1051 1051
1051 1051
1051 1051
1051 1051
1051 1051
1051 1051
1051 1051
1051 1051
1051 1051
1051 1051
1051 1051
1051 1051
1051 1051
1051 1051
1051 1051
1051 1051
1051 1051
1051 1051
1051 1051
1051 1051
1051 1051
1051 1051
1051 1051
1051 1051
1051 1051
1050 1051
1050 1051
1050 1051
1050 1051
1050 1051
1050 1051
1050 1051
1050 1051
1049 1051
1048 1051
1048 1051
1048 1051
1048 1051
1048 1051
1048 1051
1048 1051
1048 1051
1048 1051
1048 1051
1048 1051
1048 1051
1048 1051
1048 1051
1048 1051
1048 1051
1048 1051
1048 1051
1048 1051
1048 1051
1048 1051
1048 1051
1048 1051
1048 1051
1048 1051
1048 1051
1048 1051
1048 1051
1048 1051
1048 1051
1048 1051
1048 1051
1049 1051
1049 1051
1049 1051
1049 1051
1049 1051
1049 1051
1049 1051
1049 1051
1049 1051
1049 1051
1049 1051
1049 1051
1049 1051
1049 1051
1049 1051
1049 1051
1049 1051
1049 1051
1050 1051
1050 1051
1050 1051
1050 1051
1050 1051
1050 1051
1050 1051
1050 1051
1051 1051
1051 1051
1051 1051
1051 1051
1051 1051
1051 1051
1051 1051
1051 1051
1051 1051
1051 1051
1051 1051
1051 1051
1051 1051
1051 1051
1051 1051
1051 1051
1051 1051
1052 1052
1052 1052
1052 1052
1052 1052
1052 1052
1052 1052
1052 1052
1052 1052
1052 1052
1052 1052
1052 1052
1052 1052
1052 1052
1052 1052
1052 1052
1052 1052
1052 1052
1052 1052
1052 1052
1051 1052
1051 1052
1050 1052
1050 1052
1050 1052
1051 1052
1051 1052
1050 1052
1049 1052
1050 1052
1049 1052
1048 1052
1048 1052
1048 1052
1048 1052
1048 1052
1048 1052
1048 1052
1048 1052
1048 1052
1048 1052
1048 1052
1048 1052
1048 1052
1048 1052
1047 1052
1047 1052
1047 1052
1047 1052
1047 1052
1048 1052
1048 1052
1048 1052
1048 1052
1048 1052
1048 1052
1048 1052
1048 1052
1048 1052
1048 1052
1048 1052
1048 1052
1048 1052
1047 1052
1047 1052
1047 1052
1047 1052
1046 1052
1045 1052
1044 1052
1044 1052
1044 1052
1044 1052
1044 1052
1044 1052
1044 1052
1044 1052
1044 1052
1044 1052
1044 1052
1045 1052
1045 1052
1044 1052
1044 1052
1044 1052
1044 1052
1045 1052
1045 1052
1046 1052
1046 1052
1045 1052
1045 1052
1044 1052
1044 1052
1044 1052
1045 1052
1045 1052
1045 1052
1045 1052
1045 1052
1045 1052
1046 1052
1046 1052
1046 1052
1046 1052
1046 1052
1046 1052
1046 1052
1046 1052
1046 1052
1046 1052
1046 1052
1046 1052
1046 1052
1046 1052
1046 1052
1046 1052
1046 1052
1046 1052
1046 1052
1047 1052
1047 1052
1047 1052
1048 1052
1049 1052
1049 1052
1049 1052
1049 1052
1049 1052
1050 1052
1050 1052
1050 1052
1051 1052
1051 1052
1051 1052
1051 1052
1051 1052
1051 1052
1051 1052
1051 1052
1052 1052
1052 1052
1052 1052
1052 1052
1053 1053
1054 1054
1054 1054
1054 1054
1054 1054
1054 1054
1054 1054
1054 1054
1054 1054
1054 1054
1054 1054
1054 1054
1054 1054
1054 1054
1054 1054
1054 1054
1054 1054
1054 1054
1055 1055
1055 1055
1055 1055
1055 1055
1055 1055
1055 1055
1055 1055
1055 1055
1055 1055
1054 1055
1054 1055
1054 1055
1054 1055
1054 1055
1054 1055
1053 1055
1053 1055
1053 1055
1053 1055
1053 1055
1052 1055
1052 1055
1052 1055
1052 1055
1052 1055
1052 1055
1052 1055
1053 1055
1053 1055
1053 1055
1053 1055
1053 1055
1054 1055
1054 1055
1054 1055
1054 1055
1054 1055
1053 1055
1052 1055
1051 1055
1051 1055
1051 1055
1051 1055
1051 1055
1051 1055
1051 1055
1051 1055
1051 1055
1051 1055
1051 1055
1051 1055
1051 1055
1052 1055
1051 1055
1051 1055
1051 1055
1051 1055
1051 1055
1051 1055
1052 1055
1052 1055
1052 1055
1051 1055
1051 1055
1051 1055
1051 1055
1051 1055
1051 1055
1051 1055
1051 1055
1051 1055
1051 1055
1051 1055
1051 1055
1051 1055
1051 1055
1051 1055
1050 1055
1050 1055
1050 1055
1049 1055
1048 1055
1047 1055
1046 1055
1046 1055
1045 1055
1044 1055
1045 1055
1046 1055
1046 1055
1046 1055
1046 1055
1046 1055
1046 1055
1046 1055
1046 1055
1046 1055
1046 1055
1046 1055
1046 1055
1046 1055
1046 1055
1046 1055
1045 1055
1046 1055
1047 1055
1047 1055
1047 1055
1047 1055
1047 1055
1047 1055
1047 1055
1047 1055
1047 1055
1047 1055
1047 1055
1047 1055
1047 1055
1047 1055
1047 1055
1047 1055
1047 1055
1047 1055
1047 1055
1047 1055
1048 1055
1048 1055
1048 1055
1048 1055
1048 1055
1048 1055
1048 1055
1048 1055
1048 1055
1048 1055
1048 1055
1048 1055
1048 1055
1048 1055
1049 1055
1049 1055
1049 1055
1049 1055
1049 1055
1049 1055
1049 1055
1049 1055
1049 1055
1050 1055
1050 1055
1050 1055
1050 1055
1050 1055
1050 1055
1050 1055
1050 1055
1050 1055
1051 1055
1051 1055
1051 1055
1051 1055
1051 1055
1051 1055
1051 1055
1051 1055
1051 1055
1051 1055
1051 1055
1051 1055
1051 1055
1051 1055
1051 1055
1051 1055
1051 1055
1051 1055
1051 1055
1051 1055
1051 1055
1051 1055
1052 1055
1052 1055
1052 1055
1053 1055
1053 1055
1053 1055
1053 1055
1053 1055
1053 1055
1053 1055
1053 1055
1053 1055
1053 1055
1053 1055
1053 1055
1053 1055
1053 1055
1053 1055
1054 1055
1054 1055
1054 1055
1054 1055
1054 1055
1054 1055
1054 1055
1054 1055
1054 1055
1054 1055
1054 1055
1054 1055
1055 1055
1055 1055
1055 1055
1055 1055
1054 1055
1053 1055
1052 1055
1052 1055
1052 1055
1052 1055
1053 1055
1053 1055
1053 1055
1053 1055
1053 1055
1052 1055
1052 1055
1052 1055
1052 1055
1052 1055
1052 1055
1052 1055
1052 1055
1051 1055
1051 1055
1051 1055
1051 1055
1051 1055
1051 1055
1051 1055
1051 1055
1051 1055
1051 1055
1050 1055
1050 1055
1050 1055
1050 1055
1051 1055
1051 1055
1051 1055
1051 1055
1051 1055
1051 1055
1051 1055
1052 1055
1051 1055
1051 1055
1051 1055
1052 1055
1052 1055
1051 1055
1051 1055
1051 1055
1051 1055
1051 1055
1051 1055
1052 1055
1052 1055
1052 1055
1052 1055
1052 1055
1052 1055
1051 1055
1051 1055
1051 1055
1052 1055
1051 1055
1051 1055
1052 1055
1051 1055
1051 1055
1051 1055
1051 1055
1051 1055
1051 1055
1051 1055
1051 1055
1051 1055
1052 1055
1052 1055
1051 1055
1050 1055
1050 1055
1050 1055
1050 1055
1050 1055
1050 1055
1050 1055
1050 1055
1050 1055
1050 1055
1050 1055
1051 1055
1051 1055
1051 1055
1051 1055
1051 1055
1051 1055
1052 1055
1052 1055
1052 1055
1052 1055
1052 1055
1052 1055
1052 1055
1052 1055
1052 1055
1052 1055
1052 1055
1052 1055
1051 1055
1051 1055
1051 1055
