936 936
942 942
946 946
950 950
954 954
957 957
960 960
963 963
966 966
969 969
972 972
975 975
977 977
979 979
981 981
983 983
985 985
987 987
989 989
991 991
993 993
995 995
997 997
999 999
1001 1001
1003 1003
1005 1005
1007 1007
1009 1009
1011 1011
1013 1013
1014 1014
1015 1015
1016 1016
1017 1017
1018 1018
1019 1019
1020 1020
1021 1021
1023 1023
1024 1024
1025 1025
1026 1026
1027 1027
1028 1028
1029 1029
1030 1030
1031 1031
1032 1032
1033 1033
1034 1034
1035 1035
1011 1035
1015 1035
1019 1035
1021 1035
1023 1035
1025 1035
1027 1035
1028 1035
1029 1035
1030 1035
1031 1035
1032 1035
1033 1035
1034 1035
1035 1035
1035 1035
1008 1035
1011 1035
1014 1035
1017 1035
1019 1035
1021 1035
1023 1035
1025 1035
1026 1035
1027 1035
1028 1035
1029 1035
1030 1035
1031 1035
1032 1035
1033 1035
1034 1035
1035 1035
1036 1036
1037 1037
1038 1038
1038 1038
1006 1038
1010 1038
1013 1038
1016 1038
1019 1038
1021 1038
1023 1038
1025 1038
1027 1038
1029 1038
1031 1038
1033 1038
1035 1038
1036 1038
1037 1038
1038 1038
1039 1039
1039 1039
1014 1039
1017 1039
1019 1039
1021 1039
1023 1039
1025 1039
1027 1039
1028 1039
1029 1039
1030 1039
1031 1039
1032 1039
1033 1039
1035 1039
1036 1039
1038 1039
1039 1039
1039 1039
1010 1039
1014 1039
1018 1039
1021 1039
1023 1039
1025 1039
1027 1039
1029 1039
1031 1039
1033 1039
1035 1039
1036 1039
1037 1039
1038 1039
1039 1039
1039 1039
1008 1039
1011 1039
1014 1039
1017 1039
1020 1039
1023 1039
1025 1039
1028 1039
1030 1039
1032 1039
1033 1039
1035 1039
1036 1039
1037 1039
1038 1039
1039 1039
1039 1039
1011 1039
1015 1039
1018 1039
1021 1039
1023 1039
1025 1039
1027 1039
1029 1039
1031 1039
1033 1039
1035 1039
1037 1039
1038 1039
1039 1039
1039 1039
1008 1039
1012 1039
1016 1039
1019 1039
1022 1039
1024 1039
1026 1039
1028 1039
1030 1039
1031 1039
1033 1039
1034 1039
1035 1039
1036 1039
1037 1039
1038 1039
1039 1039
1039 1039
1017 1039
1020 1039
1022 1039
1024 1039
1026 1039
1028 1039
1029 1039
1031 1039
1033 1039
1034 1039
1035 1039
1036 1039
1037 1039
1039 1039
1039 1039
1015 1039
1019 1039
1022 1039
1025 1039
1027 1039
1029 1039
1031 1039
1033 1039
1035 1039
1036 1039
1037 1039
1038 1039
1039 1039
1039 1039
994 1039
998 1039
1002 1039
1005 1039
1008 1039
1011 1039
1014 1039
1017 1039
1020 1039
1022 1039
1024 1039
1026 1039
1028 1039
1030 1039
1032 1039
1034 1039
1035 1039
1036 1039
1037 1039
1038 1039
1039 1039
1040 1040
1040 1040
1011 1040
1015 1040
1018 1040
1021 1040
1024 1040
1027 1040
1030 1040
1032 1040
1034 1040
1036 1040
1037 1040
1038 1040
1039 1040
1040 1040
1040 1040
1015 1040
1019 1040
1022 1040
1025 1040
1027 1040
1029 1040
1031 1040
1033 1040
1035 1040
1036 1040
1037 1040
1038 1040
1039 1040
1039 1040
1012 1040
1016 1040
1019 1040
1022 1040
1024 1040
1026 1040
1028 1040
1030 1040
1032 1040
1034 1040
1036 1040
1037 1040
1038 1040
1039 1040
1039 1040
1016 1040
1021 1040
1024 1040
1027 1040
1030 1040
1032 1040
1034 1040
1035 1040
1036 1040
1037 1040
1038 1040
1039 1040
1040 1040
1040 1040
1013 1040
1018 1040
1020 1040
1022 1040
1024 1040
1026 1040
1028 1040
1030 1040
1032 1040
1033 1040
1034 1040
1035 1040
1036 1040
1037 1040
1038 1040
1039 1040
1040 1040
1040 1040
1015 1040
1019 1040
1022 1040
1024 1040
1026 1040
1028 1040
1030 1040
1032 1040
1034 1040
1035 1040
1036 1040
1038 1040
1040 1040
1040 1040
1008 1040
1012 1040
1015 1040
1018 1040
1021 1040
1024 1040
1026 1040
1028 1040
1029 1040
1031 1040
1033 1040
1034 1040
1035 1040
1036 1040
1038 1040
1039 1040
1040 1040
1040 1040
996 1040
1000 1040
1004 1040
1007 1040
1010 1040
1013 1040
1016 1040
1019 1040
1021 1040
1023 1040
1025 1040
1027 1040
1029 1040
1031 1040
1033 1040
1035 1040
1037 1040
1038 1040
1039 1040
1040 1040
1040 1040
1016 1040
1019 1040
1022 1040
1025 1040
1027 1040
1029 1040
1031 1040
1033 1040
1035 1040
1037 1040
1038 1040
1039 1040
1040 1040
1040 1040
1016 1040
1019 1040
1022 1040
1025 1040
1028 1040
1030 1040
1032 1040
1034 1040
1036 1040
1038 1040
1039 1040
1040 1040
1041 1041
1041 1041
999 1041
1004 1041
1008 1041
1011 1041
1014 1041
1017 1041
1020 1041
1022 1041
1024 1041
1026 1041
1028 1041
1030 1041
1032 1041
1033 1041
1034 1041
1035 1041
1037 1041
1038 1041
1040 1041
1041 1041
1041 1041
1019 1041
1022 1041
1024 1041
1026 1041
1028 1041
1030 1041
1031 1041
1032 1041
1034 1041
1035 1041
1036 1041
1038 1041
1040 1041
1041 1041
1041 1041
1017 1041
1021 1041
1024 1041
1027 1041
1029 1041
1031 1041
1033 1041
1034 1041
1035 1041
1036 1041
1037 1041
1038 1041
1039 1041
1040 1041
1041 1041
1041 1041
