936 936
941 941
946 946
950 950
954 954
958 958
962 962
965 965
968 968
971 971
974 974
978 978
982 982
985 985
988 988
990 990
992 992
994 994
996 996
998 998
1001 1001
1003 1003
1005 1005
1007 1007
1009 1009
1011 1011
1013 1013
1014 1014
1015 1015
1016 1016
1017 1017
1018 1018
1019 1019
1020 1020
1021 1021
1022 1022
1023 1023
1024 1024
1025 1025
1026 1026
1027 1027
1028 1028
1029 1029
1030 1030
1031 1031
1032 1032
1033 1033
1034 1034
1035 1035
1036 1036
1036 1036
1037 1037
1038 1038
1038 1038
1039 1039
1040 1040
1040 1040
1040 1040
1040 1040
1040 1040
1041 1041
1042 1042
1042 1042
1042 1042
1042 1042
1042 1042
1043 1043
1043 1043
1044 1044
1044 1044
1044 1044
1044 1044
1044 1044
1044 1044
1044 1044
1044 1044
1044 1044
1044 1044
1044 1044
1044 1044
1044 1044
1044 1044
1044 1044
1045 1045
1045 1045
1045 1045
1045 1045
1045 1045
1046 1046
1046 1046
1046 1046
1046 1046
1046 1046
1046 1046
1046 1046
1047 1047
1047 1047
1047 1047
1047 1047
1048 1048
1048 1048
1048 1048
1048 1048
1048 1048
1048 1048
1048 1048
1049 1049
1049 1049
1049 1049
1049 1049
1049 1049
1049 1049
1049 1049
1050 1050
1050 1050
1050 1050
1050 1050
1050 1050
1050 1050
1050 1050
1050 1050
1050 1050
1050 1050
1050 1050
1050 1050
1050 1050
1050 1050
1050 1050
1050 1050
1050 1050
1050 1050
1050 1050
1050 1050
1050 1050
1051 1051
1052 1052
1052 1052
1052 1052
1052 1052
1052 1052
1053 1053
1053 1053
1053 1053
1053 1053
1053 1053
1053 1053
1053 1053
1053 1053
1053 1053
1053 1053
1053 1053
1053 1053
1053 1053
1053 1053
1054 1054
1054 1054
1054 1054
1054 1054
1053 1054
1053 1054
1052 1054
1052 1054
1051 1054
1051 1054
1051 1054
1051 1054
1051 1054
1051 1054
1051 1054
1051 1054
1050 1054
1050 1054
1050 1054
1050 1054
1049 1054
1049 1054
1049 1054
1049 1054
1049 1054
1049 1054
1049 1054
1049 1054
1049 1054
1049 1054
1049 1054
1049 1054
1049 1054
1049 1054
1049 1054
1049 1054
1049 1054
1049 1054
1049 1054
1049 1054
1049 1054
1049 1054
1049 1054
1049 1054
1049 1054
1050 1054
1051 1054
1051 1054
1051 1054
1051 1054
1051 1054
1051 1054
1050 1054
1049 1054
1049 1054
1048 1054
1048 1054
1048 1054
1048 1054
1048 1054
1047 1054
1047 1054
1047 1054
1047 1054
1047 1054
1046 1054
1046 1054
1046 1054
1046 1054
1047 1054
1047 1054
1047 1054
1048 1054
1048 1054
1048 1054
1048 1054
1048 1054
1049 1054
1049 1054
1049 1054
1049 1054
1049 1054
1049 1054
1049 1054
1049 1054
1049 1054
1049 1054
1049 1054
1050 1054
1050 1054
1050 1054
1050 1054
1050 1054
1051 1054
1051 1054
1051 1054
1051 1054
1052 1054
1052 1054
1052 1054
1052 1054
1052 1054
1052 1054
1052 1054
1052 1054
1052 1054
1052 1054
1052 1054
1052 1054
1052 1054
1052 1054
1052 1054
1052 1054
1052 1054
1052 1054
1052 1054
1052 1054
1052 1054
1051 1054
1051 1054
1051 1054
1051 1054
1051 1054
1050 1054
1050 1054
1050 1054
1050 1054
1049 1054
1049 1054
1049 1054
1049 1054
1049 1054
1049 1054
1049 1054
1049 1054
1049 1054
1049 1054
1048 1054
1048 1054
1048 1054
1048 1054
1048 1054
1048 1054
1048 1054
1048 1054
1049 1054
1049 1054
1049 1054
1049 1054
1048 1054
1047 1054
1047 1054
1047 1054
1047 1054
1047 1054
1047 1054
1047 1054
1048 1054
1048 1054
1048 1054
1049 1054
1049 1054
1049 1054
1048 1054
1048 1054
1048 1054
1048 1054
1048 1054
1048 1054
1048 1054
1048 1054
1048 1054
1048 1054
1048 1054
1048 1054
1048 1054
1047 1054
1047 1054
1047 1054
1046 1054
1046 1054
1046 1054
1046 1054
1046 1054
1046 1054
1046 1054
1046 1054
1045 1054
1045 1054
1045 1054
1045 1054
1046 1054
1046 1054
1046 1054
1046 1054
1046 1054
1046 1054
1046 1054
1046 1054
1046 1054
1045 1054
1044 1054
1043 1054
1043 1054
1043 1054
1043 1054
1042 1054
1041 1054
1040 1054
1040 1054
1041 1054
1042 1054
1042 1054
1043 1054
1043 1054
1043 1054
1043 1054
1043 1054
1043 1054
1043 1054
1043 1054
1043 1054
1043 1054
1043 1054
1043 1054
1043 1054
1043 1054
1043 1054
1043 1054
1043 1054
1043 1054
1043 1054
1043 1054
1043 1054
1044 1054
1044 1054
1044 1054
