927 927
932 932
932 932
936 936
940 940
944 944
947 947
950 950
953 953
956 956
959 959
962 962
965 965
968 968
971 971
973 973
975 975
977 977
979 979
981 981
983 983
985 985
987 987
989 989
991 991
993 993
995 995
997 997
999 999
1001 1001
1003 1003
1004 1004
1005 1005
1007 1007
1009 1009
1011 1011
1012 1012
1014 1014
1015 1015
1017 1017
1018 1018
1019 1019
1020 1020
1021 1021
1023 1023
1024 1024
1025 1025
1026 1026
1027 1027
1028 1028
1029 1029
1030 1030
1031 1031
1032 1032
1033 1033
1034 1034
1035 1035
1036 1036
1037 1037
1038 1038
1039 1039
1040 1040
1041 1041
1042 1042
1043 1043
1044 1044
928 1044
928 1044
935 1044
940 1044
944 1044
948 1044
952 1044
956 1044
959 1044
962 1044
965 1044
968 1044
971 1044
974 1044
976 1044
978 1044
980 1044
983 1044
985 1044
987 1044
989 1044
991 1044
993 1044
995 1044
997 1044
999 1044
1001 1044
1003 1044
1005 1044
1007 1044
1009 1044
1010 1044
1011 1044
1012 1044
1013 1044
1014 1044
1016 1044
1018 1044
1019 1044
1020 1044
1021 1044
1022 1044
1023 1044
1024 1044
1025 1044
1026 1044
1027 1044
1028 1044
1029 1044
1030 1044
1031 1044
1032 1044
1034 1044
1035 1044
1036 1044
1037 1044
1038 1044
1039 1044
1040 1044
1041 1044
933 1044
933 1044
938 1044
942 1044
946 1044
949 1044
952 1044
955 1044
958 1044
961 1044
964 1044
967 1044
969 1044
972 1044
975 1044
977 1044
979 1044
981 1044
983 1044
985 1044
987 1044
989 1044
991 1044
993 1044
995 1044
997 1044
999 1044
1001 1044
1003 1044
1004 1044
1005 1044
1006 1044
1007 1044
1008 1044
1009 1044
1011 1044
1013 1044
1014 1044
1016 1044
1017 1044
1018 1044
1019 1044
1020 1044
1021 1044
1022 1044
1023 1044
1024 1044
1025 1044
1026 1044
1027 1044
1028 1044
1029 1044
1030 1044
1031 1044
1032 1044
1033 1044
1034 1044
1035 1044
1036 1044
1037 1044
1038 1044
928 1044
928 1044
933 1044
939 1044
944 1044
949 1044
953 1044
957 1044
961 1044
965 1044
968 1044
971 1044
974 1044
977 1044
980 1044
983 1044
985 1044
987 1044
989 1044
992 1044
994 1044
996 1044
998 1044
1000 1044
1002 1044
1004 1044
1006 1044
1008 1044
1010 1044
1012 1044
1013 1044
1014 1044
1015 1044
1016 1044
1017 1044
1018 1044
1019 1044
1020 1044
1021 1044
1022 1044
1023 1044
1024 1044
1025 1044
1026 1044
1027 1044
1028 1044
1029 1044
1030 1044
1031 1044
1032 1044
1033 1044
1034 1044
1035 1044
1036 1044
1037 1044
1038 1044
1039 1044
1040 1044
935 1044
935 1044
940 1044
945 1044
950 1044
954 1044
957 1044
960 1044
963 1044
966 1044
969 1044
972 1044
975 1044
978 1044
981 1044
984 1044
986 1044
989 1044
991 1044
993 1044
995 1044
997 1044
999 1044
1001 1044
1003 1044
1006 1044
1008 1044
1010 1044
1012 1044
1014 1044
1016 1044
1017 1044
1018 1044
1019 1044
1020 1044
1022 1044
1023 1044
1025 1044
1027 1044
1028 1044
1029 1044
1030 1044
1031 1044
1032 1044
1033 1044
1034 1044
1035 1044
1036 1044
1037 1044
1038 1044
1039 1044
1040 1044
1041 1044
1042 1044
1043 1044
