927 927
932 932
932 932
933 933
934 934
937 937
939 939
943 943
946 946
949 949
951 951
952 952
953 953
954 954
955 955
956 956
958 958
959 959
960 960
961 961
964 964
966 966
968 968
969 969
971 971
972 972
973 973
976 976
977 977
979 979
980 980
981 981
982 982
984 984
986 986
987 987
990 990
991 991
992 992
993 993
994 994
996 996
997 997
998 998
1000 1000
1001 1001
1002 1002
1003 1003
1004 1004
1005 1005
1006 1006
1008 1008
1010 1010
1011 1011
1012 1012
1013 1013
1014 1014
1016 1016
1017 1017
1018 1018
1020 1020
1021 1021
1023 1023
1024 1024
1025 1025
1027 1027
1028 1028
1029 1029
1030 1030
1031 1031
1032 1032
1033 1033
1034 1034
1035 1035
1036 1036
1037 1037
1038 1038
1039 1039
1040 1040
1041 1041
1042 1042
1043 1043
1044 1044
1045 1045
1046 1046
1047 1047
1048 1048
933 1048
933 1048
936 1048
939 1048
940 1048
943 1048
946 1048
947 1048
948 1048
949 1048
951 1048
953 1048
954 1048
956 1048
958 1048
962 1048
964 1048
968 1048
972 1048
973 1048
974 1048
975 1048
976 1048
977 1048
978 1048
979 1048
980 1048
982 1048
983 1048
985 1048
986 1048
987 1048
988 1048
989 1048
990 1048
991 1048
992 1048
994 1048
997 1048
998 1048
999 1048
1002 1048
1004 1048
1006 1048
1007 1048
1009 1048
1010 1048
1011 1048
1013 1048
1014 1048
1015 1048
1016 1048
1018 1048
1020 1048
1022 1048
1023 1048
1026 1048
1027 1048
1028 1048
1029 1048
1030 1048
1031 1048
1032 1048
1034 1048
1035 1048
1036 1048
1037 1048
1038 1048
1039 1048
1041 1048
1042 1048
1043 1048
1044 1048
1045 1048
947 1048
947 1048
948 1048
951 1048
952 1048
953 1048
955 1048
956 1048
957 1048
959 1048
960 1048
964 1048
966 1048
968 1048
970 1048
971 1048
975 1048
976 1048
977 1048
978 1048
979 1048
980 1048
981 1048
982 1048
983 1048
984 1048
985 1048
987 1048
988 1048
990 1048
992 1048
994 1048
996 1048
997 1048
998 1048
999 1048
1001 1048
1002 1048
1003 1048
1006 1048
1007 1048
1008 1048
1009 1048
1010 1048
1012 1048
1013 1048
1014 1048
1015 1048
1016 1048
1017 1048
1018 1048
1019 1048
1022 1048
1023 1048
1025 1048
1026 1048
1027 1048
1029 1048
1030 1048
1033 1048
1034 1048
1035 1048
1037 1048
1038 1048
926 1048
926 1048
927 1048
928 1048
930 1048
932 1048
934 1048
935 1048
936 1048
938 1048
939 1048
941 1048
943 1048
944 1048
945 1048
946 1048
947 1048
948 1048
949 1048
950 1048
954 1048
956 1048
957 1048
959 1048
960 1048
961 1048
963 1048
964 1048
966 1048
969 1048
970 1048
971 1048
972 1048
973 1048
974 1048
975 1048
976 1048
977 1048
979 1048
981 1048
982 1048
983 1048
984 1048
986 1048
989 1048
991 1048
992 1048
993 1048
994 1048
995 1048
996 1048
998 1048
999 1048
1000 1048
1004 1048
1005 1048
1006 1048
1007 1048
1009 1048
1010 1048
1011 1048
1012 1048
1013 1048
1015 1048
1016 1048
1017 1048
1019 1048
1020 1048
1021 1048
1022 1048
1024 1048
1025 1048
1026 1048
1027 1048
1029 1048
1030 1048
1031 1048
1032 1048
1034 1048
1035 1048
1037 1048
1038 1048
1039 1048
1040 1048
931 1048
931 1048
937 1048
940 1048
941 1048
942 1048
943 1048
947 1048
949 1048
950 1048
952 1048
953 1048
957 1048
958 1048
961 1048
964 1048
965 1048
966 1048
967 1048
968 1048
969 1048
971 1048
973 1048
974 1048
976 1048
978 1048
979 1048
980 1048
981 1048
982 1048
984 1048
986 1048
989 1048
991 1048
993 1048
995 1048
996 1048
997 1048
999 1048
1000 1048
1001 1048
1003 1048
1004 1048
1005 1048
1007 1048
1008 1048
1009 1048
1011 1048
1012 1048
1013 1048
1015 1048
1016 1048
1017 1048
1018 1048
1019 1048
1020 1048
1021 1048
1022 1048
1023 1048
1025 1048
1027 1048
1028 1048
1029 1048
1030 1048
1031 1048
1032 1048
1033 1048
1034 1048
1035 1048
1036 1048
1037 1048
1038 1048
1039 1048
1040 1048
1041 1048
1042 1048
1043 1048
