952 952
931 952
931 952
933 952
934 952
936 952
938 952
941 952
945 952
946 952
947 952
948 952
950 952
951 952
953 953
955 955
956 956
958 958
959 959
960 960
961 961
962 962
964 964
966 966
969 969
971 971
972 972
973 973
974 974
975 975
976 976
978 978
979 979
980 980
981 981
982 982
985 985
987 987
988 988
990 990
991 991
992 992
993 993
996 996
997 997
998 998
999 999
1000 1000
1002 1002
1003 1003
1004 1004
1005 1005
1006 1006
1007 1007
1008 1008
1010 1010
1012 1012
1013 1013
1014 1014
1015 1015
1016 1016
1017 1017
1020 1020
1021 1021
1023 1023
1025 1025
1026 1026
1027 1027
1028 1028
1029 1029
1030 1030
1031 1031
1032 1032
1033 1033
1034 1034
1035 1035
1036 1036
1038 1038
1040 1040
1041 1041
949 1041
949 1041
950 1041
953 1041
954 1041
955 1041
958 1041
959 1041
961 1041
963 1041
964 1041
965 1041
967 1041
969 1041
970 1041
973 1041
974 1041
976 1041
977 1041
978 1041
981 1041
983 1041
984 1041
987 1041
988 1041
989 1041
990 1041
991 1041
992 1041
994 1041
995 1041
996 1041
997 1041
998 1041
999 1041
1000 1041
1001 1041
1002 1041
1003 1041
1004 1041
1006 1041
1008 1041
1009 1041
1010 1041
1012 1041
1013 1041
1014 1041
1019 1041
1020 1041
1021 1041
1022 1041
1023 1041
1024 1041
1026 1041
1027 1041
1028 1041
1029 1041
1033 1041
1034 1041
1036 1041
1037 1041
1038 1041
1039 1041
1040 1041
941 1041
941 1041
943 1041
944 1041
945 1041
947 1041
948 1041
949 1041
950 1041
953 1041
956 1041
958 1041
960 1041
961 1041
965 1041
966 1041
968 1041
969 1041
970 1041
971 1041
972 1041
974 1041
975 1041
976 1041
979 1041
980 1041
981 1041
983 1041
984 1041
986 1041
987 1041
988 1041
989 1041
991 1041
992 1041
993 1041
994 1041
995 1041
996 1041
997 1041
999 1041
1000 1041
1001 1041
1002 1041
1004 1041
1006 1041
1007 1041
1008 1041
1011 1041
1013 1041
1016 1041
1017 1041
1018 1041
1019 1041
1020 1041
1021 1041
1022 1041
1024 1041
1025 1041
1026 1041
1027 1041
1028 1041
1029 1041
1030 1041
1031 1041
1033 1041
1034 1041
1037 1041
1038 1041
1039 1041
1040 1041
1041 1041
1042 1042
1043 1043
1045 1045
940 1045
940 1045
942 1045
943 1045
944 1045
946 1045
947 1045
949 1045
951 1045
952 1045
953 1045
955 1045
957 1045
958 1045
959 1045
960 1045
961 1045
962 1045
965 1045
966 1045
968 1045
969 1045
972 1045
974 1045
975 1045
977 1045
978 1045
981 1045
983 1045
984 1045
986 1045
987 1045
988 1045
990 1045
992 1045
996 1045
997 1045
998 1045
999 1045
1000 1045
1001 1045
1002 1045
1004 1045
1005 1045
1006 1045
1007 1045
1008 1045
1010 1045
1011 1045
1012 1045
1014 1045
1015 1045
1016 1045
1017 1045
1018 1045
1020 1045
1022 1045
1023 1045
1024 1045
1025 1045
1026 1045
1027 1045
1028 1045
1029 1045
1031 1045
1032 1045
931 1045
931 1045
932 1045
933 1045
934 1045
935 1045
936 1045
937 1045
938 1045
939 1045
940 1045
943 1045
944 1045
945 1045
947 1045
948 1045
955 1045
956 1045
957 1045
958 1045
959 1045
960 1045
961 1045
963 1045
964 1045
966 1045
967 1045
971 1045
972 1045
973 1045
974 1045
975 1045
976 1045
977 1045
978 1045
979 1045
983 1045
985 1045
986 1045
987 1045
989 1045
991 1045
992 1045
994 1045
995 1045
996 1045
997 1045
999 1045
1000 1045
1001 1045
1002 1045
1003 1045
1004 1045
1006 1045
1008 1045
1009 1045
1011 1045
1012 1045
1013 1045
1014 1045
1015 1045
1019 1045
1020 1045
1021 1045
1022 1045
1023 1045
1024 1045
1025 1045
1028 1045
1029 1045
1030 1045
1031 1045
1032 1045
1034 1045
1035 1045
1036 1045
1039 1045
1040 1045
1041 1045
