931 931
936 936
940 940
944 944
948 948
952 952
955 955
958 958
961 961
964 964
967 967
970 970
973 973
976 976
978 978
980 980
982 982
984 984
986 986
988 988
990 990
992 992
994 994
996 996
998 998
1000 1000
1002 1002
1004 1004
1006 1006
1008 1008
1009 1009
1010 1010
1011 1011
1012 1012
1013 1013
1014 1014
1015 1015
1016 1016
1018 1018
1019 1019
1020 1020
1021 1021
1022 1022
1023 1023
1024 1024
1025 1025
1026 1026
1027 1027
1028 1028
1029 1029
1030 1030
1031 1031
1032 1032
1033 1033
1034 1034
1035 1035
1036 1036
1037 1037
1038 1038
1038 1038
1038 1038
1038 1038
1039 1039
1039 1039
1039 1039
1040 1040
1041 1041
1041 1041
1041 1041
1041 1041
1041 1041
1042 1042
1042 1042
1042 1042
1042 1042
1042 1042
1042 1042
1042 1042
1043 1043
1043 1043
1043 1043
1044 1044
1045 1045
1045 1045
1046 1046
1046 1046
1046 1046
1047 1047
1047 1047
1047 1047
1047 1047
1047 1047
1047 1047
1047 1047
1047 1047
1047 1047
1048 1048
1048 1048
1048 1048
1048 1048
1048 1048
1048 1048
1048 1048
1049 1049
1049 1049
1049 1049
1049 1049
1049 1049
1049 1049
1049 1049
1049 1049
1049 1049
1049 1049
1049 1049
1049 1049
1049 1049
1049 1049
1049 1049
1049 1049
1049 1049
1049 1049
1049 1049
1049 1049
1049 1049
1049 1049
1049 1049
1049 1049
1049 1049
1049 1049
1049 1049
1049 1049
1049 1049
1049 1049
1049 1049
1049 1049
1049 1049
1049 1049
1050 1050
1050 1050
1050 1050
1050 1050
1050 1050
1050 1050
1050 1050
1050 1050
1050 1050
1050 1050
1050 1050
1050 1050
1050 1050
1050 1050
1050 1050
1050 1050
1050 1050
1050 1050
1050 1050
1050 1050
1050 1050
1050 1050
1050 1050
1050 1050
1049 1050
1048 1050
1048 1050
1047 1050
1046 1050
1046 1050
1046 1050
1046 1050
1046 1050
1047 1050
1046 1050
1045 1050
1044 1050
1043 1050
1042 1050
1042 1050
1042 1050
1042 1050
1041 1050
1041 1050
1041 1050
1041 1050
1041 1050
1041 1050
1041 1050
1041 1050
1041 1050
1042 1050
1042 1050
1042 1050
1042 1050
1042 1050
1042 1050
1042 1050
1042 1050
1042 1050
1042 1050
1042 1050
1042 1050
1043 1050
1043 1050
1043 1050
1043 1050
1043 1050
1043 1050
1044 1050
1044 1050
1044 1050
1043 1050
1043 1050
1043 1050
1043 1050
1043 1050
1043 1050
1043 1050
1043 1050
1043 1050
1043 1050
1043 1050
1043 1050
1043 1050
1043 1050
1043 1050
1043 1050
1043 1050
1043 1050
1043 1050
1043 1050
1043 1050
1043 1050
1043 1050
1043 1050
1043 1050
1043 1050
1043 1050
1043 1050
1043 1050
1043 1050
1043 1050
1043 1050
1043 1050
1043 1050
1043 1050
1043 1050
1043 1050
1044 1050
1044 1050
1044 1050
1044 1050
1044 1050
1046 1050
1047 1050
1048 1050
1048 1050
1048 1050
1048 1050
1048 1050
1048 1050
1049 1050
1049 1050
1049 1050
1049 1050
1049 1050
1049 1050
1049 1050
1050 1050
1050 1050
1050 1050
1050 1050
1050 1050
1050 1050
1050 1050
1050 1050
1050 1050
1049 1050
1049 1050
1049 1050
1049 1050
1049 1050
1049 1050
1049 1050
1049 1050
1049 1050
1049 1050
1049 1050
1049 1050
1049 1050
1049 1050
1049 1050
1049 1050
1049 1050
1049 1050
1049 1050
1050 1050
1049 1050
1048 1050
1048 1050
1048 1050
1049 1050
1049 1050
1049 1050
1049 1050
1049 1050
1049 1050
1049 1050
1049 1050
1049 1050
1049 1050
1049 1050
1049 1050
1049 1050
1049 1050
1049 1050
1049 1050
1049 1050
1049 1050
1049 1050
1049 1050
1049 1050
1049 1050
1049 1050
1049 1050
1049 1050
1049 1050
1048 1050
1047 1050
1047 1050
1047 1050
1047 1050
1046 1050
1046 1050
1045 1050
1045 1050
1045 1050
1044 1050
1044 1050
1044 1050
1044 1050
1044 1050
1043 1050
1043 1050
1043 1050
1043 1050
1042 1050
1042 1050
1042 1050
1042 1050
1043 1050
1043 1050
1043 1050
