952 952
931 952
931 952
938 952
943 952
947 952
951 952
955 955
958 958
961 961
964 964
967 967
970 970
973 973
976 976
979 979
981 981
983 983
985 985
987 987
989 989
991 991
993 993
995 995
997 997
999 999
1001 1001
1003 1003
1005 1005
1007 1007
1009 1009
1010 1010
1011 1011
1012 1012
1013 1013
1014 1014
1015 1015
1016 1016
1017 1017
1018 1018
1019 1019
1020 1020
1021 1021
1022 1022
1023 1023
1024 1024
1025 1025
1026 1026
1027 1027
1028 1028
1029 1029
1030 1030
1031 1031
1032 1032
1034 1034
1035 1035
1036 1036
1037 1037
1039 1039
1040 1040
1041 1041
1042 1042
1043 1043
1044 1044
1045 1045
1046 1046
1047 1047
1048 1048
950 1048
950 1048
954 1048
958 1048
962 1048
966 1048
970 1048
973 1048
976 1048
979 1048
982 1048
985 1048
987 1048
989 1048
991 1048
993 1048
995 1048
997 1048
999 1048
1001 1048
1003 1048
1005 1048
1007 1048
1009 1048
1010 1048
1011 1048
1012 1048
1013 1048
1014 1048
1015 1048
1016 1048
1017 1048
1018 1048
1019 1048
1020 1048
1021 1048
1022 1048
1023 1048
1024 1048
1025 1048
1026 1048
1028 1048
1029 1048
1030 1048
1031 1048
1032 1048
1033 1048
1034 1048
1035 1048
1036 1048
1037 1048
1038 1048
1039 1048
1040 1048
1041 1048
1042 1048
928 1048
928 1048
933 1048
938 1048
943 1048
948 1048
952 1048
956 1048
960 1048
964 1048
968 1048
972 1048
975 1048
978 1048
980 1048
983 1048
985 1048
987 1048
989 1048
991 1048
993 1048
995 1048
997 1048
999 1048
1001 1048
1003 1048
1004 1048
1005 1048
1006 1048
1007 1048
1008 1048
1009 1048
1011 1048
1012 1048
1013 1048
1014 1048
1015 1048
1016 1048
1018 1048
1019 1048
1020 1048
1021 1048
1023 1048
1024 1048
1025 1048
1026 1048
1027 1048
1028 1048
1029 1048
1030 1048
1031 1048
1032 1048
1033 1048
1034 1048
921 1048
921 1048
926 1048
931 1048
936 1048
940 1048
944 1048
948 1048
951 1048
954 1048
957 1048
960 1048
963 1048
966 1048
969 1048
971 1048
973 1048
975 1048
978 1048
980 1048
982 1048
984 1048
986 1048
988 1048
991 1048
993 1048
995 1048
997 1048
999 1048
1000 1048
1001 1048
1002 1048
1003 1048
1004 1048
1006 1048
1008 1048
1009 1048
1010 1048
1012 1048
1014 1048
1015 1048
1016 1048
1017 1048
1018 1048
1019 1048
1020 1048
1021 1048
1022 1048
1023 1048
1024 1048
1025 1048
1026 1048
1027 1048
1028 1048
1029 1048
1030 1048
1031 1048
1032 1048
926 1048
926 1048
931 1048
936 1048
940 1048
944 1048
948 1048
952 1048
956 1048
960 1048
963 1048
966 1048
969 1048
972 1048
975 1048
978 1048
981 1048
984 1048
986 1048
988 1048
990 1048
992 1048
994 1048
996 1048
998 1048
1000 1048
1002 1048
1004 1048
1006 1048
1007 1048
1009 1048
1010 1048
1011 1048
1013 1048
1014 1048
1015 1048
1016 1048
1017 1048
1018 1048
1019 1048
1020 1048
1021 1048
1023 1048
1024 1048
1025 1048
1026 1048
1027 1048
1028 1048
1029 1048
1030 1048
1031 1048
1032 1048
1033 1048
1034 1048
1035 1048
1036 1048
1037 1048
1038 1048
1039 1048
