931 931
940 940
944 944
948 948
952 952
955 955
958 958
961 961
964 964
967 967
970 970
974 974
977 977
980 980
983 983
985 985
988 988
990 990
992 992
994 994
996 996
998 998
1000 1000
1002 1002
1004 1004
1006 1006
1008 1008
1009 1009
1010 1010
1011 1011
1012 1012
1013 1013
1014 1014
1015 1015
1016 1016
1017 1017
1018 1018
1019 1019
1020 1020
1021 1021
1022 1022
1023 1023
1025 1025
1026 1026
1027 1027
1028 1028
1029 1029
1030 1030
1031 1031
1032 1032
1033 1033
1034 1034
1035 1035
1036 1036
1005 1036
1009 1036
1013 1036
1016 1036
1019 1036
1022 1036
1025 1036
1027 1036
1029 1036
1030 1036
1031 1036
1032 1036
1033 1036
1034 1036
1035 1036
1036 1036
1036 1036
1002 1036
1007 1036
1010 1036
1013 1036
1015 1036
1018 1036
1020 1036
1022 1036
1024 1036
1026 1036
1028 1036
1029 1036
1031 1036
1032 1036
1033 1036
1034 1036
1035 1036
1036 1036
1036 1036
999 1036
1002 1036
1005 1036
1008 1036
1011 1036
1013 1036
1016 1036
1018 1036
1020 1036
1022 1036
1024 1036
1026 1036
1027 1036
1029 1036
1030 1036
1031 1036
1032 1036
1033 1036
1034 1036
1035 1036
1036 1036
1037 1037
1038 1038
1039 1039
1040 1040
1041 1041
1041 1041
1013 1041
1018 1041
1021 1041
1024 1041
1026 1041
1028 1041
1030 1041
1032 1041
1034 1041
1036 1041
1037 1041
1038 1041
1039 1041
1040 1041
1041 1041
1041 1041
1012 1041
1016 1041
1019 1041
1022 1041
1025 1041
1027 1041
1029 1041
1031 1041
1033 1041
1035 1041
1036 1041
1038 1041
1039 1041
1040 1041
1041 1041
1041 1041
1010 1041
1015 1041
1018 1041
1021 1041
1024 1041
1027 1041
1030 1041
1032 1041
1034 1041
1036 1041
1037 1041
1038 1041
1039 1041
1040 1041
1041 1041
1041 1041
1010 1041
1015 1041
1018 1041
1021 1041
1024 1041
1027 1041
1030 1041
1033 1041
1035 1041
1037 1041
1038 1041
1039 1041
1040 1041
1041 1041
1041 1041
1019 1041
1023 1041
1026 1041
1029 1041
1031 1041
1033 1041
1034 1041
1035 1041
1036 1041
1037 1041
1038 1041
1039 1041
1040 1041
1041 1041
1041 1041
1024 1041
1028 1041
1032 1041
1035 1041
1038 1041
1039 1041
1040 1041
1041 1041
1041 1041
1008 1041
1012 1041
1016 1041
1019 1041
1022 1041
1025 1041
1028 1041
1030 1041
1031 1041
1033 1041
1034 1041
1035 1041
1036 1041
1037 1041
1038 1041
1039 1041
1040 1041
1041 1041
1041 1041
1006 1041
1010 1041
1014 1041
1017 1041
1020 1041
1023 1041
1026 1041
1028 1041
1030 1041
1032 1041
1034 1041
1035 1041
1036 1041
1037 1041
1038 1041
1039 1041
1040 1041
1041 1041
1041 1041
1020 1041
1025 1041
1028 1041
1031 1041
1034 1041
1036 1041
1038 1041
1040 1041
1041 1041
1041 1041
1012 1041
1018 1041
1022 1041
1025 1041
1028 1041
1030 1041
1032 1041
1034 1041
1036 1041
1038 1041
1039 1041
1040 1041
1041 1041
1041 1041
997 1041
1002 1041
1006 1041
1009 1041
1012 1041
1015 1041
1017 1041
1019 1041
1021 1041
1024 1041
1026 1041
1028 1041
1029 1041
1030 1041
1031 1041
1032 1041
1033 1041
1034 1041
1035 1041
1036 1041
1037 1041
1038 1041
1039 1041
1040 1041
1041 1041
1041 1041
1024 1041
1028 1041
1031 1041
1033 1041
1035 1041
1037 1041
1038 1041
1039 1041
1040 1041
1041 1041
1041 1041
1010 1041
1013 1041
1016 1041
1019 1041
1021 1041
1024 1041
1026 1041
1028 1041
1031 1041
1033 1041
1035 1041
1037 1041
1038 1041
1039 1041
1040 1041
1041 1041
1041 1041
1008 1041
1014 1041
1017 1041
1020 1041
1023 1041
1026 1041
1029 1041
1031 1041
1033 1041
1034 1041
1035 1041
1036 1041
1037 1041
1038 1041
1039 1041
1039 1041
1004 1041
1008 1041
1012 1041
1015 1041
1018 1041
1021 1041
1024 1041
1026 1041
1028 1041
1030 1041
1032 1041
1034 1041
1035 1041
1036 1041
1037 1041
1038 1041
1039 1041
1040 1041
1041 1041
1041 1041
1000 1041
1005 1041
1009 1041
1013 1041
1016 1041
1019 1041
1022 1041
1025 1041
1028 1041
1030 1041
1032 1041
1034 1041
1035 1041
1036 1041
1037 1041
1038 1041
1039 1041
1040 1041
1041 1041
1041 1041
1006 1041
1012 1041
1016 1041
1020 1041
1023 1041
1025 1041
1027 1041
1029 1041
1031 1041
1033 1041
1035 1041
1036 1041
1037 1041
1038 1041
1039 1041
1040 1041
1041 1041
1041 1041
1008 1041
1014 1041
1018 1041
1021 1041
1024 1041
1026 1041
1028 1041
1031 1041
1033 1041
1035 1041
1037 1041
1038 1041
1039 1041
1040 1041
1041 1041
1041 1041
