932 932
924 932
924 932
928 932
928 932
915 932
915 932
917 932
917 932
913 932
913 932
920 932
920 932
926 932
926 932
919 932
919 932
936 936
936 936
921 936
921 936
943 943
943 943
942 943
942 943
937 943
937 943
924 943
924 943
926 943
926 943
930 943
930 943
924 943
924 943
938 943
938 943
939 943
939 943
940 943
940 943
948 948
948 948
927 948
927 948
931 948
931 948
924 948
924 948
932 948
932 948
924 948
924 948
940 948
940 948
947 948
947 948
927 948
927 948
936 948
936 948
920 948
920 948
946 948
946 948
947 948
947 948
928 948
928 948
921 948
921 948
924 948
924 948
940 948
940 948
940 948
940 948
928 948
928 948
940 948
940 948
940 948
940 948
934 948
934 948
932 948
932 948
935 948
935 948
918 948
918 948
937 948
937 948
944 948
944 948
931 948
931 948
921 948
921 948
935 948
935 948
937 948
937 948
926 948
926 948
938 948
938 948
928 948
928 948
926 948
926 948
939 948
939 948
930 948
930 948
929 948
929 948
932 948
932 948
924 948
924 948
950 950
950 950
941 950
941 950
925 950
925 950
931 950
931 950
944 950
944 950
914 950
914 950
935 950
935 950
910 950
910 950
928 950
928 950
932 950
932 950
923 950
923 950
935 950
935 950
906 950
906 950
937 950
937 950
925 950
925 950
945 950
945 950
954 954
954 954
937 954
937 954
922 954
922 954
919 954
919 954
933 954
933 954
937 954
937 954
936 954
936 954
913 954
913 954
937 954
937 954
927 954
927 954
918 954
918 954
925 954
925 954
922 954
922 954
942 954
942 954
936 954
936 954
930 954
930 954
936 954
936 954
929 954
929 954
931 954
931 954
935 954
935 954
929 954
929 954
919 954
919 954
927 954
927 954
936 954
936 954
931 954
931 954
939 954
939 954
925 954
925 954
935 954
935 954
926 954
926 954
938 954
938 954
954 954
954 954
913 954
913 954
933 954
933 954
935 954
935 954
911 954
911 954
947 954
947 954
940 954
940 954
940 954
940 954
916 954
916 954
934 954
934 954
925 954
925 954
927 954
927 954
917 954
917 954
923 954
923 954
941 954
941 954
926 954
926 954
958 958
958 958
933 958
933 958
936 958
936 958
946 958
946 958
934 958
934 958
914 958
914 958
935 958
935 958
930 958
930 958
921 958
921 958
907 958
907 958
931 958
931 958
930 958
930 958
931 958
931 958
930 958
930 958
953 958
953 958
944 958
944 958
918 958
918 958
939 958
939 958
948 958
948 958
931 958
931 958
944 958
944 958
940 958
940 958
932 958
932 958
928 958
928 958
930 958
930 958
936 958
936 958
919 958
919 958
932 958
932 958
918 958
918 958
937 958
937 958
946 958
946 958
929 958
929 958
942 958
942 958
904 958
904 958
925 958
925 958
942 958
942 958
936 958
936 958
952 958
952 958
935 958
935 958
955 958
955 958
908 958
908 958
922 958
922 958
946 958
946 958
942 958
942 958
929 958
929 958
944 958
944 958
945 958
945 958
922 958
922 958
923 958
923 958
935 958
935 958
925 958
925 958
933 958
933 958
909 958
909 958
933 958
933 958
940 958
940 958
934 958
934 958
942 958
942 958
928 958
928 958
931 958
931 958
927 958
927 958
929 958
929 958
928 958
928 958
927 958
927 958
926 958
926 958
932 958
932 958
922 958
922 958
934 958
934 958
918 958
918 958
931 958
931 958
928 958
928 958
939 958
939 958
942 958
942 958
930 958
930 958
954 958
954 958
932 958
932 958
926 958
926 958
909 958
909 958
936 958
936 958
914 958
914 958
912 958
912 958
928 958
928 958
914 958
914 958
941 958
941 958
945 958
945 958
941 958
941 958
923 958
923 958
936 958
936 958
916 958
916 958
917 958
917 958
940 958
940 958
927 958
927 958
927 958
927 958
923 958
923 958
942 958
942 958
935 958
935 958
927 958
927 958
933 958
933 958
927 958
927 958
923 958
923 958
935 958
935 958
925 958
925 958
928 958
928 958
931 958
931 958
937 958
937 958
933 958
933 958
917 958
917 958
928 958
928 958
937 958
937 958
924 958
924 958
938 958
938 958
913 958
913 958
924 958
924 958
924 958
924 958
921 958
921 958
933 958
933 958
936 958
936 958
922 958
922 958
940 958
940 958
928 958
928 958
931 958
931 958
939 958
939 958
945 958
945 958
919 958
919 958
933 958
933 958
942 958
942 958
944 958
944 958
930 958
930 958
913 958
913 958
929 958
929 958
913 958
913 958
945 958
945 958
931 958
931 958
935 958
935 958
927 958
927 958
934 958
934 958
930 958
930 958
932 958
932 958
932 958
932 958
939 958
939 958
940 958
940 958
941 958
941 958
937 958
937 958
930 958
930 958
928 958
928 958
943 958
943 958
928 958
928 958
925 958
925 958
934 958
934 958
950 958
950 958
942 958
942 958
942 958
942 958
926 958
926 958
934 958
934 958
951 958
951 958
935 958
935 958
926 958
926 958
946 958
946 958
929 958
929 958
908 958
908 958
939 958
939 958
951 958
951 958
920 958
920 958
937 958
937 958
948 958
948 958
911 958
911 958
929 958
929 958
926 958
926 958
920 958
920 958
936 958
936 958
912 958
912 958
928 958
928 958
923 958
923 958
936 958
936 958
959 959
959 959
946 959
946 959
931 959
931 959
923 959
923 959
925 959
925 959
938 959
938 959
923 959
923 959
934 959
934 959
919 959
919 959
920 959
920 959
933 959
933 959
937 959
937 959
942 959
942 959
931 959
931 959
933 959
933 959
909 959
909 959
942 959
942 959
923 959
923 959
940 959
940 959
933 959
933 959
937 959
937 959
927 959
927 959
908 959
908 959
930 959
930 959
916 959
916 959
942 959
942 959
920 959
920 959
938 959
938 959
939 959
939 959
934 959
934 959
940 959
940 959
926 959
926 959
938 959
938 959
934 959
934 959
931 959
931 959
917 959
917 959
935 959
935 959
941 959
941 959
932 959
932 959
937 959
937 959
926 959
926 959
944 959
944 959
951 959
951 959
920 959
920 959
922 959
922 959
923 959
923 959
927 959
927 959
942 959
942 959
931 959
931 959
931 959
931 959
938 959
938 959
936 959
936 959
932 959
932 959
928 959
928 959
949 959
949 959
936 959
936 959
930 959
930 959
919 959
919 959
932 959
932 959
929 959
929 959
932 959
932 959
916 959
916 959
933 959
933 959
923 959
923 959
934 959
934 959
932 959
932 959
939 959
939 959
932 959
932 959
924 959
924 959
933 959
933 959
933 959
933 959
932 959
932 959
928 959
928 959
945 959
945 959
938 959
938 959
915 959
915 959
926 959
926 959
924 959
924 959
937 959
937 959
929 959
929 959
940 959
940 959
929 959
929 959
934 959
934 959
939 959
939 959
924 959
924 959
926 959
926 959
934 959
934 959
913 959
913 959
938 959
938 959
941 959
941 959
961 961
961 961
922 961
922 961
923 961
923 961
929 961
929 961
930 961
930 961
938 961
938 961
940 961
940 961
932 961
932 961
923 961
923 961
923 961
923 961
925 961
925 961
930 961
930 961
940 961
940 961
948 961
948 961
933 961
933 961
926 961
926 961
937 961
937 961
920 961
920 961
936 961
936 961
938 961
938 961
938 961
938 961
928 961
928 961
920 961
920 961
941 961
941 961
945 961
945 961
934 961
934 961
923 961
923 961
942 961
942 961
939 961
939 961
939 961
939 961
937 961
937 961
934 961
934 961
926 961
926 961
946 961
946 961
953 961
953 961
938 961
938 961
938 961
938 961
915 961
915 961
934 961
934 961
943 961
943 961
928 961
928 961
931 961
931 961
934 961
934 961
947 961
947 961
922 961
922 961
939 961
939 961
933 961
933 961
940 961
940 961
935 961
935 961
930 961
930 961
940 961
940 961
944 961
944 961
926 961
926 961
923 961
923 961
939 961
939 961
921 961
921 961
935 961
935 961
925 961
925 961
924 961
924 961
946 961
946 961
932 961
932 961
932 961
932 961
940 961
940 961
921 961
921 961
943 961
943 961
932 961
932 961
936 961
936 961
946 961
946 961
943 961
943 961
955 961
955 961
937 961
937 961
936 961
936 961
943 961
943 961
934 961
934 961
925 961
925 961
933 961
933 961
937 961
937 961
933 961
933 961
929 961
929 961
930 961
930 961
938 961
938 961
933 961
933 961
925 961
925 961
932 961
932 961
915 961
915 961
927 961
927 961
934 961
934 961
915 961
915 961
934 961
934 961
943 961
943 961
950 961
950 961
937 961
937 961
943 961
943 961
925 961
925 961
917 961
917 961
935 961
935 961
924 961
924 961
933 961
933 961
936 961
936 961
938 961
938 961
941 961
941 961
931 961
931 961
936 961
936 961
928 961
928 961
912 961
912 961
940 961
940 961
935 961
935 961
943 961
943 961
942 961
942 961
921 961
921 961
934 961
934 961
922 961
922 961
918 961
918 961
938 961
938 961
939 961
939 961
933 961
933 961
913 961
913 961
953 961
953 961
924 961
924 961
920 961
920 961
945 961
945 961
937 961
937 961
931 961
931 961
933 961
933 961
926 961
926 961
965 965
965 965
934 965
934 965
948 965
948 965
920 965
920 965
925 965
925 965
929 965
929 965
932 965
932 965
938 965
938 965
918 965
918 965
927 965
927 965
931 965
931 965
957 965
957 965
914 965
914 965
943 965
943 965
942 965
942 965
929 965
929 965
916 965
916 965
933 965
933 965
931 965
931 965
919 965
919 965
918 965
918 965
927 965
927 965
916 965
916 965
943 965
943 965
933 965
933 965
930 965
930 965
941 965
941 965
939 965
939 965
945 965
945 965
932 965
932 965
912 965
912 965
938 965
938 965
943 965
943 965
928 965
928 965
925 965
925 965
921 965
921 965
929 965
929 965
949 965
949 965
938 965
938 965
919 965
919 965
937 965
937 965
932 965
932 965
934 965
934 965
932 965
932 965
951 965
951 965
928 965
928 965
942 965
942 965
938 965
938 965
933 965
933 965
911 965
911 965
927 965
927 965
946 965
946 965
941 965
941 965
908 965
908 965
930 965
930 965
931 965
931 965
941 965
941 965
921 965
921 965
923 965
923 965
943 965
943 965
919 965
919 965
939 965
939 965
929 965
929 965
944 965
944 965
920 965
920 965
948 965
948 965
931 965
931 965
929 965
929 965
931 965
931 965
928 965
928 965
937 965
937 965
905 965
905 965
920 965
920 965
945 965
945 965
918 965
918 965
944 965
944 965
929 965
929 965
937 965
937 965
917 965
917 965
919 965
919 965
917 965
917 965
938 965
938 965
927 965
927 965
935 965
935 965
926 965
926 965
939 965
939 965
945 965
945 965
943 965
943 965
942 965
942 965
928 965
928 965
908 965
908 965
924 965
924 965
903 965
903 965
912 965
912 965
925 965
925 965
942 965
942 965
919 965
919 965
936 965
936 965
923 965
923 965
942 965
942 965
931 965
931 965
931 965
931 965
924 965
924 965
932 965
932 965
934 965
934 965
929 965
929 965
925 965
925 965
926 965
926 965
928 965
928 965
918 965
918 965
923 965
923 965
942 965
942 965
935 965
935 965
933 965
933 965
924 965
924 965
925 965
925 965
916 965
916 965
938 965
938 965
913 965
913 965
931 965
931 965
944 965
944 965
919 965
919 965
910 965
910 965
951 965
951 965
914 965
914 965
928 965
928 965
925 965
925 965
947 965
947 965
908 965
908 965
944 965
944 965
937 965
937 965
954 965
954 965
931 965
931 965
935 965
935 965
936 965
936 965
917 965
917 965
937 965
937 965
934 965
934 965
904 965
904 965
920 965
920 965
916 965
916 965
953 965
953 965
931 965
931 965
931 965
931 965
936 965
936 965
932 965
932 965
947 965
947 965
954 965
954 965
936 965
936 965
926 965
926 965
940 965
940 965
928 965
928 965
912 965
912 965
928 965
928 965
936 965
936 965
933 965
933 965
941 965
941 965
923 965
923 965
940 965
940 965
935 965
935 965
936 965
936 965
953 965
953 965
931 965
931 965
927 965
927 965
940 965
940 965
930 965
930 965
936 965
936 965
938 965
938 965
942 965
942 965
930 965
930 965
926 965
926 965
931 965
931 965
934 965
934 965
939 965
939 965
936 965
936 965
925 965
925 965
923 965
923 965
923 965
923 965
943 965
943 965
941 965
941 965
935 965
935 965
915 965
915 965
932 965
932 965
901 965
901 965
925 965
925 965
933 965
933 965
931 965
931 965
921 965
921 965
910 965
910 965
942 965
942 965
924 965
924 965
928 965
928 965
931 965
931 965
918 965
918 965
939 965
939 965
938 965
938 965
938 965
938 965
922 965
922 965
945 965
945 965
933 965
933 965
936 965
936 965
943 965
943 965
943 965
943 965
946 965
946 965
929 965
929 965
918 965
918 965
909 965
909 965
936 965
936 965
944 965
944 965
930 965
930 965
927 965
927 965
939 965
939 965
948 965
948 965
932 965
932 965
946 965
946 965
939 965
939 965
934 965
934 965
943 965
943 965
946 965
946 965
932 965
932 965
930 965
930 965
947 965
947 965
931 965
931 965
908 965
908 965
940 965
940 965
929 965
929 965
938 965
938 965
926 965
926 965
955 965
955 965
937 965
937 965
940 965
940 965
919 965
919 965
942 965
942 965
926 965
926 965
940 965
940 965
945 965
945 965
921 965
921 965
931 965
931 965
933 965
933 965
923 965
923 965
934 965
934 965
948 965
948 965
927 965
927 965
936 965
936 965
950 965
950 965
933 965
933 965
939 965
939 965
927 965
927 965
930 965
930 965
925 965
925 965
942 965
942 965
916 965
916 965
924 965
924 965
922 965
922 965
915 965
915 965
923 965
923 965
921 965
921 965
945 965
945 965
949 965
949 965
924 965
924 965
917 965
917 965
916 965
916 965
934 965
934 965
931 965
931 965
940 965
940 965
925 965
925 965
943 965
943 965
917 965
917 965
929 965
929 965
929 965
929 965
933 965
933 965
937 965
937 965
940 965
940 965
938 965
938 965
932 965
932 965
923 965
923 965
950 965
950 965
925 965
925 965
929 965
929 965
929 965
929 965
940 965
940 965
921 965
921 965
921 965
921 965
923 965
923 965
944 965
944 965
931 965
931 965
927 965
927 965
944 965
944 965
921 965
921 965
934 965
934 965
929 965
929 965
950 965
950 965
945 965
945 965
937 965
937 965
932 965
932 965
929 965
929 965
919 965
919 965
917 965
917 965
918 965
918 965
939 965
939 965
926 965
926 965
951 965
951 965
942 965
942 965
945 965
945 965
931 965
931 965
942 965
942 965
933 965
933 965
936 965
936 965
930 965
930 965
912 965
912 965
943 965
943 965
940 965
940 965
931 965
931 965
931 965
931 965
932 965
932 965
931 965
931 965
933 965
933 965
933 965
933 965
931 965
931 965
930 965
930 965
947 965
947 965
940 965
940 965
958 965
958 965
935 965
935 965
940 965
940 965
904 965
904 965
937 965
937 965
930 965
930 965
933 965
933 965
940 965
940 965
932 965
932 965
930 965
930 965
926 965
926 965
933 965
933 965
935 965
935 965
927 965
927 965
944 965
944 965
919 965
919 965
938 965
938 965
927 965
927 965
934 965
934 965
932 965
932 965
942 965
942 965
930 965
930 965
929 965
929 965
951 965
951 965
941 965
941 965
932 965
932 965
941 965
941 965
944 965
944 965
952 965
952 965
931 965
931 965
931 965
931 965
942 965
942 965
922 965
922 965
919 965
919 965
939 965
939 965
919 965
919 965
914 965
914 965
934 965
934 965
943 965
943 965
941 965
941 965
922 965
922 965
915 965
915 965
937 965
937 965
942 965
942 965
916 965
916 965
931 965
931 965
921 965
921 965
937 965
937 965
950 965
950 965
920 965
920 965
941 965
941 965
939 965
939 965
940 965
940 965
923 965
923 965
941 965
941 965
933 965
933 965
935 965
935 965
931 965
931 965
926 965
926 965
901 965
901 965
928 965
928 965
940 965
940 965
929 965
929 965
933 965
933 965
919 965
919 965
935 965
935 965
917 965
917 965
919 965
919 965
919 965
919 965
923 965
923 965
956 965
956 965
935 965
935 965
933 965
933 965
952 965
952 965
927 965
927 965
942 965
942 965
928 965
928 965
944 965
944 965
897 965
897 965
921 965
921 965
927 965
927 965
921 965
921 965
935 965
935 965
934 965
934 965
932 965
932 965
940 965
940 965
939 965
939 965
948 965
948 965
911 965
911 965
938 965
938 965
945 965
945 965
926 965
926 965
939 965
939 965
927 965
927 965
942 965
942 965
937 965
937 965
936 965
936 965
936 965
936 965
934 965
934 965
929 965
929 965
949 965
949 965
930 965
930 965
898 965
898 965
925 965
925 965
931 965
931 965
940 965
940 965
934 965
934 965
936 965
936 965
932 965
932 965
934 965
934 965
924 965
924 965
934 965
934 965
939 965
939 965
927 965
927 965
947 965
947 965
926 965
926 965
925 965
925 965
934 965
934 965
941 965
941 965
932 965
932 965
944 965
944 965
935 965
935 965
929 965
929 965
927 965
927 965
931 965
931 965
930 965
930 965
925 965
925 965
930 965
930 965
940 965
940 965
921 965
921 965
923 965
923 965
941 965
941 965
952 965
952 965
921 965
921 965
947 965
947 965
936 965
936 965
930 965
930 965
939 965
939 965
921 965
921 965
910 965
910 965
928 965
928 965
952 965
952 965
921 965
921 965
941 965
941 965
934 965
934 965
909 965
909 965
917 965
917 965
947 965
947 965
922 965
922 965
922 965
922 965
934 965
934 965
946 965
946 965
931 965
931 965
927 965
927 965
917 965
917 965
933 965
933 965
921 965
921 965
934 965
934 965
936 965
936 965
930 965
930 965
941 965
941 965
952 965
952 965
921 965
921 965
934 965
934 965
948 965
948 965
922 965
922 965
916 965
916 965
934 965
934 965
942 965
942 965
913 965
913 965
931 965
931 965
929 965
929 965
922 965
922 965
926 965
926 965
921 965
921 965
927 965
927 965
934 965
934 965
945 965
945 965
920 965
920 965
934 965
934 965
928 965
928 965
950 965
950 965
923 965
923 965
931 965
931 965
935 965
935 965
925 965
925 965
938 965
938 965
933 965
933 965
910 965
910 965
932 965
932 965
926 965
926 965
936 965
936 965
950 965
950 965
942 965
942 965
950 965
950 965
934 965
934 965
930 965
930 965
940 965
940 965
917 965
917 965
927 965
927 965
936 965
936 965
937 965
937 965
947 965
947 965
924 965
924 965
928 965
928 965
941 965
941 965
939 965
939 965
925 965
925 965
917 965
917 965
933 965
933 965
926 965
926 965
926 965
926 965
926 965
926 965
939 965
939 965
921 965
921 965
934 965
934 965
944 965
944 965
925 965
925 965
919 965
919 965
926 965
926 965
929 965
929 965
935 965
935 965
960 965
960 965
921 965
921 965
943 965
943 965
932 965
932 965
932 965
932 965
931 965
931 965
930 965
930 965
923 965
923 965
924 965
924 965
927 965
927 965
923 965
923 965
937 965
937 965
935 965
935 965
930 965
930 965
926 965
926 965
936 965
936 965
943 965
943 965
936 965
936 965
909 965
909 965
931 965
931 965
930 965
930 965
933 965
933 965
942 965
942 965
928 965
928 965
925 965
925 965
921 965
921 965
929 965
929 965
917 965
917 965
921 965
921 965
928 965
928 965
933 965
933 965
948 965
948 965
936 965
936 965
933 965
933 965
948 965
948 965
923 965
923 965
937 965
937 965
929 965
929 965
927 965
927 965
926 965
926 965
924 965
924 965
936 965
936 965
937 965
937 965
915 965
915 965
950 965
950 965
912 965
912 965
937 965
937 965
941 965
941 965
933 965
933 965
929 965
929 965
927 965
927 965
934 965
934 965
927 965
927 965
928 965
928 965
933 965
933 965
943 965
943 965
933 965
933 965
929 965
929 965
930 965
930 965
939 965
939 965
932 965
932 965
931 965
931 965
929 965
929 965
942 965
942 965
933 965
933 965
945 965
945 965
929 965
929 965
945 965
945 965
952 965
952 965
918 965
918 965
927 965
927 965
917 965
917 965
935 965
935 965
937 965
937 965
911 965
911 965
943 965
943 965
912 965
912 965
923 965
923 965
934 965
934 965
926 965
926 965
918 965
918 965
927 965
927 965
955 965
955 965
931 965
931 965
945 965
945 965
925 965
925 965
944 965
944 965
945 965
945 965
934 965
934 965
937 965
937 965
928 965
928 965
924 965
924 965
928 965
928 965
927 965
927 965
919 965
919 965
931 965
931 965
927 965
927 965
931 965
931 965
942 965
942 965
933 965
933 965
918 965
918 965
914 965
914 965
944 965
944 965
947 965
947 965
936 965
936 965
926 965
926 965
924 965
924 965
923 965
923 965
910 965
910 965
934 965
934 965
927 965
927 965
928 965
928 965
934 965
934 965
939 965
939 965
952 965
952 965
924 965
924 965
938 965
938 965
933 965
933 965
913 965
913 965
937 965
937 965
931 965
931 965
930 965
930 965
934 965
934 965
945 965
945 965
941 965
941 965
941 965
941 965
948 965
948 965
925 965
925 965
935 965
935 965
925 965
925 965
938 965
938 965
936 965
936 965
916 965
916 965
945 965
945 965
932 965
932 965
935 965
935 965
926 965
926 965
921 965
921 965
942 965
942 965
918 965
918 965
933 965
933 965
935 965
935 965
912 965
912 965
919 965
919 965
943 965
943 965
930 965
930 965
924 965
924 965
921 965
921 965
941 965
941 965
933 965
933 965
930 965
930 965
943 965
943 965
942 965
942 965
935 965
935 965
936 965
936 965
917 965
917 965
907 965
907 965
946 965
946 965
937 965
937 965
935 965
935 965
949 965
949 965
939 965
939 965
928 965
928 965
929 965
929 965
929 965
929 965
949 965
949 965
922 965
922 965
912 965
912 965
930 965
930 965
926 965
926 965
904 965
904 965
933 965
933 965
938 965
938 965
943 965
943 965
925 965
925 965
927 965
927 965
954 965
954 965
921 965
921 965
920 965
920 965
912 965
912 965
924 965
924 965
918 965
918 965
954 965
954 965
929 965
929 965
948 965
948 965
935 965
935 965
942 965
942 965
939 965
939 965
921 965
921 965
923 965
923 965
933 965
933 965
919 965
919 965
924 965
924 965
943 965
943 965
936 965
936 965
950 965
950 965
923 965
923 965
928 965
928 965
936 965
936 965
924 965
924 965
927 965
927 965
912 965
912 965
941 965
941 965
938 965
938 965
926 965
926 965
941 965
941 965
938 965
938 965
936 965
936 965
936 965
936 965
932 965
932 965
925 965
925 965
912 965
912 965
938 965
938 965
940 965
940 965
931 965
931 965
931 965
931 965
927 965
927 965
931 965
931 965
934 965
934 965
932 965
932 965
928 965
928 965
928 965
928 965
937 965
937 965
918 965
918 965
926 965
926 965
925 965
925 965
929 965
929 965
929 965
929 965
924 965
924 965
922 965
922 965
922 965
922 965
925 965
925 965
942 965
942 965
953 965
953 965
936 965
936 965
919 965
919 965
918 965
918 965
942 965
942 965
936 965
936 965
921 965
921 965
933 965
933 965
919 965
919 965
938 965
938 965
939 965
939 965
933 965
933 965
952 965
952 965
926 965
926 965
935 965
935 965
934 965
934 965
947 965
947 965
919 965
919 965
941 965
941 965
940 965
940 965
927 965
927 965
941 965
941 965
929 965
929 965
919 965
919 965
927 965
927 965
936 965
936 965
928 965
928 965
932 965
932 965
922 965
922 965
917 965
917 965
949 965
949 965
920 965
920 965
938 965
938 965
920 965
920 965
918 965
918 965
933 965
933 965
927 965
927 965
932 965
932 965
938 965
938 965
940 965
940 965
944 965
944 965
916 965
916 965
937 965
937 965
939 965
939 965
933 965
933 965
920 965
920 965
909 965
909 965
917 965
917 965
926 965
926 965
934 965
934 965
927 965
927 965
935 965
935 965
942 965
942 965
956 965
956 965
936 965
936 965
935 965
935 965
937 965
937 965
920 965
920 965
938 965
938 965
927 965
927 965
939 965
939 965
929 965
929 965
946 965
946 965
923 965
923 965
933 965
933 965
932 965
932 965
939 965
939 965
950 965
950 965
939 965
939 965
918 965
918 965
927 965
927 965
928 965
928 965
922 965
922 965
914 965
914 965
943 965
943 965
946 965
946 965
941 965
941 965
940 965
940 965
937 965
937 965
921 965
921 965
929 965
929 965
935 965
935 965
942 965
942 965
940 965
940 965
916 965
916 965
929 965
929 965
932 965
932 965
929 965
929 965
941 965
941 965
940 965
940 965
924 965
924 965
924 965
924 965
934 965
934 965
940 965
940 965
940 965
940 965
933 965
933 965
923 965
923 965
941 965
941 965
929 965
929 965
953 965
953 965
945 965
945 965
927 965
927 965
925 965
925 965
949 965
949 965
918 965
918 965
956 965
956 965
942 965
942 965
939 965
939 965
921 965
921 965
931 965
931 965
923 965
923 965
936 965
936 965
919 965
919 965
931 965
931 965
939 965
939 965
927 965
927 965
925 965
925 965
929 965
929 965
929 965
929 965
930 965
930 965
930 965
930 965
944 965
944 965
936 965
936 965
919 965
919 965
939 965
939 965
914 965
914 965
914 965
914 965
922 965
922 965
938 965
938 965
939 965
939 965
924 965
924 965
930 965
930 965
935 965
935 965
931 965
931 965
930 965
930 965
947 965
947 965
941 965
941 965
906 965
906 965
928 965
928 965
932 965
932 965
920 965
920 965
933 965
933 965
921 965
921 965
924 965
924 965
922 965
922 965
928 965
928 965
916 965
916 965
935 965
935 965
935 965
935 965
939 965
939 965
923 965
923 965
931 965
931 965
956 965
956 965
941 965
941 965
931 965
931 965
929 965
929 965
937 965
937 965
939 965
939 965
940 965
940 965
943 965
943 965
945 965
945 965
921 965
921 965
933 965
933 965
932 965
932 965
907 965
907 965
932 965
932 965
944 965
944 965
925 965
925 965
927 965
927 965
939 965
939 965
918 965
918 965
940 965
940 965
949 965
949 965
932 965
932 965
939 965
939 965
913 965
913 965
927 965
927 965
934 965
934 965
934 965
934 965
920 965
920 965
913 965
913 965
942 965
942 965
937 965
937 965
940 965
940 965
919 965
919 965
924 965
924 965
938 965
938 965
932 965
932 965
937 965
937 965
922 965
922 965
938 965
938 965
923 965
923 965
946 965
946 965
940 965
940 965
924 965
924 965
948 965
948 965
927 965
927 965
935 965
935 965
919 965
919 965
932 965
932 965
934 965
934 965
931 965
931 965
931 965
931 965
918 965
918 965
924 965
924 965
926 965
926 965
942 965
942 965
934 965
934 965
905 965
905 965
928 965
928 965
928 965
928 965
943 965
943 965
933 965
933 965
934 965
934 965
925 965
925 965
932 965
932 965
923 965
923 965
929 965
929 965
936 965
936 965
933 965
933 965
920 965
920 965
941 965
941 965
932 965
932 965
932 965
932 965
934 965
934 965
933 965
933 965
919 965
919 965
952 965
952 965
942 965
942 965
944 965
944 965
933 965
933 965
940 965
940 965
937 965
937 965
922 965
922 965
936 965
936 965
942 965
942 965
944 965
944 965
927 965
927 965
944 965
944 965
923 965
923 965
916 965
916 965
929 965
929 965
927 965
927 965
909 965
909 965
917 965
917 965
923 965
923 965
939 965
939 965
930 965
930 965
927 965
927 965
928 965
928 965
925 965
925 965
942 965
942 965
941 965
941 965
950 965
950 965
935 965
935 965
930 965
930 965
907 965
907 965
919 965
919 965
950 965
950 965
921 965
921 965
909 965
909 965
929 965
929 965
934 965
934 965
941 965
941 965
924 965
924 965
939 965
939 965
928 965
928 965
928 965
928 965
934 965
934 965
929 965
929 965
935 965
935 965
930 965
930 965
943 965
943 965
927 965
927 965
934 965
934 965
915 965
915 965
925 965
925 965
936 965
936 965
927 965
927 965
955 965
955 965
935 965
935 965
926 965
926 965
936 965
936 965
949 965
949 965
942 965
942 965
924 965
924 965
936 965
936 965
941 965
941 965
930 965
930 965
917 965
917 965
933 965
933 965
930 965
930 965
895 965
895 965
936 965
936 965
956 965
956 965
924 965
924 965
911 965
911 965
938 965
938 965
923 965
923 965
931 965
931 965
923 965
923 965
932 965
932 965
927 965
927 965
934 965
934 965
926 965
926 965
932 965
932 965
949 965
949 965
938 965
938 965
941 965
941 965
930 965
930 965
930 965
930 965
918 965
918 965
928 965
928 965
929 965
929 965
922 965
922 965
928 965
928 965
937 965
937 965
924 965
924 965
939 965
939 965
928 965
928 965
948 965
948 965
935 965
935 965
933 965
933 965
937 965
937 965
934 965
934 965
945 965
945 965
940 965
940 965
936 965
936 965
945 965
945 965
939 965
939 965
921 965
921 965
920 965
920 965
920 965
920 965
922 965
922 965
937 965
937 965
900 965
900 965
923 965
923 965
921 965
921 965
926 965
926 965
918 965
918 965
927 965
927 965
928 965
928 965
927 965
927 965
940 965
940 965
932 965
932 965
931 965
931 965
939 965
939 965
940 965
940 965
935 965
935 965
942 965
942 965
934 965
934 965
949 965
949 965
947 965
947 965
947 965
947 965
920 965
920 965
927 965
927 965
936 965
936 965
938 965
938 965
918 965
918 965
942 965
942 965
948 965
948 965
945 965
945 965
913 965
913 965
931 965
931 965
933 965
933 965
930 965
930 965
921 965
921 965
927 965
927 965
938 965
938 965
926 965
926 965
947 965
947 965
928 965
928 965
926 965
926 965
942 965
942 965
934 965
934 965
931 965
931 965
929 965
929 965
924 965
924 965
932 965
932 965
917 965
917 965
934 965
934 965
949 965
949 965
935 965
935 965
929 965
929 965
947 965
947 965
927 965
927 965
924 965
924 965
933 965
933 965
927 965
927 965
921 965
921 965
909 965
909 965
928 965
928 965
940 965
940 965
920 965
920 965
934 965
934 965
928 965
928 965
931 965
931 965
942 965
942 965
939 965
939 965
950 965
950 965
932 965
932 965
932 965
932 965
937 965
937 965
934 965
934 965
947 965
947 965
943 965
943 965
927 965
927 965
917 965
917 965
923 965
923 965
917 965
917 965
948 965
948 965
925 965
925 965
915 965
915 965
919 965
919 965
918 965
918 965
923 965
923 965
926 965
926 965
938 965
938 965
943 965
943 965
934 965
934 965
911 965
911 965
924 965
924 965
916 965
916 965
953 965
953 965
939 965
939 965
922 965
922 965
931 965
931 965
930 965
930 965
942 965
942 965
942 965
942 965
927 965
927 965
946 965
946 965
951 965
951 965
937 965
937 965
923 965
923 965
938 965
938 965
925 965
925 965
941 965
941 965
937 965
937 965
931 965
931 965
923 965
923 965
956 965
956 965
936 965
936 965
943 965
943 965
921 965
921 965
949 965
949 965
935 965
935 965
928 965
928 965
931 965
931 965
938 965
938 965
916 965
916 965
935 965
935 965
931 965
931 965
943 965
943 965
949 965
949 965
936 965
936 965
937 965
937 965
943 965
943 965
922 965
922 965
926 965
926 965
930 965
930 965
946 965
946 965
930 965
930 965
947 965
947 965
941 965
941 965
950 965
950 965
921 965
921 965
927 965
927 965
928 965
928 965
934 965
934 965
927 965
927 965
926 965
926 965
946 965
946 965
922 965
922 965
924 965
924 965
932 965
932 965
930 965
930 965
926 965
926 965
925 965
925 965
930 965
930 965
931 965
931 965
937 965
937 965
930 965
930 965
929 965
929 965
934 965
934 965
942 965
942 965
926 965
926 965
905 965
905 965
920 965
920 965
930 965
930 965
943 965
943 965
912 965
912 965
921 965
921 965
935 965
935 965
935 965
935 965
929 965
929 965
903 965
903 965
940 965
940 965
933 965
933 965
935 965
935 965
946 965
946 965
933 965
933 965
931 965
931 965
926 965
926 965
913 965
913 965
931 965
931 965
929 965
929 965
917 965
917 965
922 965
922 965
927 965
927 965
921 965
921 965
934 965
934 965
906 965
906 965
949 965
949 965
939 965
939 965
933 965
933 965
928 965
928 965
946 965
946 965
916 965
916 965
934 965
934 965
954 965
954 965
944 965
944 965
930 965
930 965
927 965
927 965
933 965
933 965
926 965
926 965
933 965
933 965
939 965
939 965
933 965
933 965
949 965
949 965
931 965
931 965
930 965
930 965
949 965
949 965
930 965
930 965
943 965
943 965
924 965
924 965
919 965
919 965
915 965
915 965
932 965
932 965
933 965
933 965
900 965
900 965
926 965
926 965
927 965
927 965
907 965
907 965
907 965
907 965
924 965
924 965
948 965
948 965
935 965
935 965
946 965
946 965
933 965
933 965
944 965
944 965
944 965
944 965
938 965
938 965
933 965
933 965
936 965
936 965
923 965
923 965
939 965
939 965
923 965
923 965
923 965
923 965
937 965
937 965
911 965
911 965
917 965
917 965
933 965
933 965
940 965
940 965
920 965
920 965
939 965
939 965
929 965
929 965
936 965
936 965
935 965
935 965
942 965
942 965
938 965
938 965
928 965
928 965
930 965
930 965
937 965
937 965
942 965
942 965
902 965
902 965
936 965
936 965
933 965
933 965
926 965
926 965
952 965
952 965
931 965
931 965
923 965
923 965
934 965
934 965
941 965
941 965
925 965
925 965
928 965
928 965
943 965
943 965
948 965
948 965
929 965
929 965
919 965
919 965
922 965
922 965
929 965
929 965
924 965
924 965
916 965
916 965
920 965
920 965
929 965
929 965
947 965
947 965
929 965
929 965
946 965
946 965
922 965
922 965
928 965
928 965
935 965
935 965
919 965
919 965
941 965
941 965
936 965
936 965
927 965
927 965
914 965
914 965
925 965
925 965
920 965
920 965
939 965
939 965
934 965
934 965
939 965
939 965
922 965
922 965
924 965
924 965
956 965
956 965
951 965
951 965
933 965
933 965
956 965
956 965
945 965
945 965
933 965
933 965
933 965
933 965
913 965
913 965
936 965
936 965
941 965
941 965
922 965
922 965
944 965
944 965
920 965
920 965
931 965
931 965
918 965
918 965
927 965
927 965
942 965
942 965
942 965
942 965
933 965
933 965
923 965
923 965
928 965
928 965
931 965
931 965
942 965
942 965
940 965
940 965
955 965
955 965
927 965
927 965
938 965
938 965
932 965
932 965
949 965
949 965
937 965
937 965
917 965
917 965
922 965
922 965
921 965
921 965
925 965
925 965
951 965
951 965
942 965
942 965
948 965
948 965
950 965
950 965
927 965
927 965
933 965
933 965
936 965
936 965
913 965
913 965
930 965
930 965
940 965
940 965
936 965
936 965
943 965
943 965
942 965
942 965
921 965
921 965
945 965
945 965
941 965
941 965
920 965
920 965
952 965
952 965
935 965
935 965
933 965
933 965
937 965
937 965
930 965
930 965
916 965
916 965
911 965
911 965
932 965
932 965
929 965
929 965
937 965
937 965
952 965
952 965
932 965
932 965
920 965
920 965
925 965
925 965
936 965
936 965
942 965
942 965
953 965
953 965
930 965
930 965
945 965
945 965
946 965
946 965
926 965
926 965
946 965
946 965
950 965
950 965
934 965
934 965
938 965
938 965
929 965
929 965
934 965
934 965
915 965
915 965
941 965
941 965
926 965
926 965
932 965
932 965
939 965
939 965
919 965
919 965
921 965
921 965
934 965
934 965
962 965
962 965
924 965
924 965
939 965
939 965
920 965
920 965
942 965
942 965
931 965
931 965
921 965
921 965
938 965
938 965
923 965
923 965
945 965
945 965
919 965
919 965
940 965
940 965
930 965
930 965
929 965
929 965
937 965
937 965
931 965
931 965
934 965
934 965
932 965
932 965
934 965
934 965
923 965
923 965
941 965
941 965
938 965
938 965
945 965
945 965
937 965
937 965
914 965
914 965
942 965
942 965
939 965
939 965
928 965
928 965
934 965
934 965
923 965
923 965
943 965
943 965
912 965
912 965
944 965
944 965
933 965
933 965
923 965
923 965
935 965
935 965
933 965
933 965
936 965
936 965
930 965
930 965
941 965
941 965
949 965
949 965
935 965
935 965
956 965
956 965
910 965
910 965
924 965
924 965
931 965
931 965
943 965
943 965
939 965
939 965
947 965
947 965
927 965
927 965
930 965
930 965
949 965
949 965
933 965
933 965
927 965
927 965
939 965
939 965
925 965
925 965
927 965
927 965
929 965
929 965
941 965
941 965
956 965
956 965
932 965
932 965
935 965
935 965
929 965
929 965
922 965
922 965
949 965
949 965
936 965
936 965
954 965
954 965
905 965
905 965
917 965
917 965
949 965
949 965
927 965
927 965
923 965
923 965
938 965
938 965
907 965
907 965
916 965
916 965
936 965
936 965
927 965
927 965
923 965
923 965
930 965
930 965
936 965
936 965
918 965
918 965
938 965
938 965
925 965
925 965
925 965
925 965
931 965
931 965
935 965
935 965
946 965
946 965
943 965
943 965
945 965
945 965
938 965
938 965
936 965
936 965
918 965
918 965
915 965
915 965
930 965
930 965
919 965
919 965
945 965
945 965
934 965
934 965
925 965
925 965
896 965
896 965
943 965
943 965
924 965
924 965
945 965
945 965
944 965
944 965
918 965
918 965
933 965
933 965
944 965
944 965
923 965
923 965
916 965
916 965
917 965
917 965
938 965
938 965
932 965
932 965
931 965
931 965
956 965
956 965
922 965
922 965
934 965
934 965
920 965
920 965
916 965
916 965
933 965
933 965
945 965
945 965
936 965
936 965
936 965
936 965
939 965
939 965
926 965
926 965
945 965
945 965
951 965
951 965
932 965
932 965
926 965
926 965
927 965
927 965
937 965
937 965
949 965
949 965
924 965
924 965
924 965
924 965
938 965
938 965
920 965
920 965
916 965
916 965
942 965
942 965
935 965
935 965
936 965
936 965
929 965
929 965
954 965
954 965
933 965
933 965
936 965
936 965
933 965
933 965
924 965
924 965
932 965
932 965
926 965
926 965
924 965
924 965
915 965
915 965
929 965
929 965
921 965
921 965
915 965
915 965
922 965
922 965
924 965
924 965
945 965
945 965
920 965
920 965
938 965
938 965
938 965
938 965
930 965
930 965
932 965
932 965
938 965
938 965
927 965
927 965
934 965
934 965
937 965
937 965
926 965
926 965
930 965
930 965
944 965
944 965
910 965
910 965
919 965
919 965
939 965
939 965
943 965
943 965
951 965
951 965
937 965
937 965
935 965
935 965
930 965
930 965
940 965
940 965
939 965
939 965
932 965
932 965
935 965
935 965
932 965
932 965
928 965
928 965
947 965
947 965
925 965
925 965
931 965
931 965
940 965
940 965
910 965
910 965
940 965
940 965
923 965
923 965
936 965
936 965
940 965
940 965
923 965
923 965
938 965
938 965
931 965
931 965
923 965
923 965
929 965
929 965
934 965
934 965
901 965
901 965
944 965
944 965
932 965
932 965
937 965
937 965
950 965
950 965
925 965
925 965
952 965
952 965
940 965
940 965
944 965
944 965
940 965
940 965
949 965
949 965
931 965
931 965
938 965
938 965
944 965
944 965
931 965
931 965
935 965
935 965
925 965
925 965
923 965
923 965
944 965
944 965
920 965
920 965
945 965
945 965
926 965
926 965
923 965
923 965
942 965
942 965
945 965
945 965
911 965
911 965
932 965
932 965
912 965
912 965
936 965
936 965
929 965
929 965
945 965
945 965
919 965
919 965
931 965
931 965
918 965
918 965
937 965
937 965
928 965
928 965
934 965
934 965
923 965
923 965
943 965
943 965
931 965
931 965
938 965
938 965
932 965
932 965
941 965
941 965
936 965
936 965
943 965
943 965
947 965
947 965
920 965
920 965
930 965
930 965
920 965
920 965
923 965
923 965
950 965
950 965
938 965
938 965
936 965
936 965
918 965
918 965
938 965
938 965
926 965
926 965
946 965
946 965
918 965
918 965
919 965
919 965
949 965
949 965
923 965
923 965
938 965
938 965
932 965
932 965
933 965
933 965
922 965
922 965
940 965
940 965
924 965
924 965
920 965
920 965
931 965
931 965
931 965
931 965
928 965
928 965
928 965
928 965
931 965
931 965
945 965
945 965
934 965
934 965
917 965
917 965
940 965
940 965
948 965
948 965
944 965
944 965
922 965
922 965
913 965
913 965
935 965
935 965
934 965
934 965
922 965
922 965
902 965
902 965
944 965
944 965
912 965
912 965
923 965
923 965
943 965
943 965
937 965
937 965
924 965
924 965
936 965
936 965
912 965
912 965
943 965
943 965
924 965
924 965
948 965
948 965
930 965
930 965
918 965
918 965
942 965
942 965
938 965
938 965
922 965
922 965
943 965
943 965
925 965
925 965
913 965
913 965
917 965
917 965
923 965
923 965
925 965
925 965
921 965
921 965
935 965
935 965
924 965
924 965
931 965
931 965
925 965
925 965
942 965
942 965
928 965
928 965
933 965
933 965
934 965
934 965
943 965
943 965
943 965
943 965
916 965
916 965
923 965
923 965
940 965
940 965
941 965
941 965
944 965
944 965
918 965
918 965
914 965
914 965
942 965
942 965
937 965
937 965
941 965
941 965
910 965
910 965
938 965
938 965
913 965
913 965
948 965
948 965
941 965
941 965
925 965
925 965
935 965
935 965
945 965
945 965
916 965
916 965
922 965
922 965
927 965
927 965
937 965
937 965
942 965
942 965
934 965
934 965
956 965
956 965
930 965
930 965
928 965
928 965
948 965
948 965
930 965
930 965
928 965
928 965
931 965
931 965
927 965
927 965
918 965
918 965
929 965
929 965
947 965
947 965
939 965
939 965
929 965
929 965
939 965
939 965
919 965
919 965
924 965
924 965
911 965
911 965
935 965
935 965
942 965
942 965
932 965
932 965
941 965
941 965
946 965
946 965
922 965
922 965
913 965
913 965
930 965
930 965
931 965
931 965
927 965
927 965
935 965
935 965
934 965
934 965
944 965
944 965
926 965
926 965
920 965
920 965
929 965
929 965
935 965
935 965
923 965
923 965
929 965
929 965
942 965
942 965
930 965
930 965
941 965
941 965
940 965
940 965
928 965
928 965
929 965
929 965
937 965
937 965
927 965
927 965
940 965
940 965
932 965
932 965
948 965
948 965
934 965
934 965
917 965
917 965
940 965
940 965
943 965
943 965
938 965
938 965
941 965
941 965
928 965
928 965
936 965
936 965
945 965
945 965
946 965
946 965
944 965
944 965
922 965
922 965
941 965
941 965
929 965
929 965
927 965
927 965
939 965
939 965
955 965
955 965
924 965
924 965
930 965
930 965
923 965
923 965
943 965
943 965
932 965
932 965
933 965
933 965
926 965
926 965
932 965
932 965
937 965
937 965
926 965
926 965
943 965
943 965
936 965
936 965
944 965
944 965
955 965
955 965
933 965
933 965
922 965
922 965
918 965
918 965
949 965
949 965
910 965
910 965
925 965
925 965
928 965
928 965
923 965
923 965
954 965
954 965
945 965
945 965
916 965
916 965
926 965
926 965
952 965
952 965
935 965
935 965
954 965
954 965
961 965
961 965
952 965
952 965
944 965
944 965
931 965
931 965
937 965
937 965
957 965
957 965
914 965
914 965
934 965
934 965
930 965
930 965
924 965
924 965
935 965
935 965
945 965
945 965
923 965
923 965
915 965
915 965
918 965
918 965
923 965
923 965
918 965
918 965
931 965
931 965
930 965
930 965
920 965
920 965
922 965
922 965
909 965
909 965
914 965
914 965
922 965
922 965
931 965
931 965
940 965
940 965
934 965
934 965
936 965
936 965
923 965
923 965
920 965
920 965
920 965
920 965
938 965
938 965
928 965
928 965
933 965
933 965
949 965
949 965
925 965
925 965
932 965
932 965
926 965
926 965
925 965
925 965
946 965
946 965
953 965
953 965
944 965
944 965
920 965
920 965
934 965
934 965
931 965
931 965
928 965
928 965
919 965
919 965
951 965
951 965
934 965
934 965
939 965
939 965
911 965
911 965
920 965
920 965
937 965
937 965
942 965
942 965
941 965
941 965
939 965
939 965
931 965
931 965
935 965
935 965
938 965
938 965
917 965
917 965
929 965
929 965
926 965
926 965
929 965
929 965
924 965
924 965
941 965
941 965
934 965
934 965
921 965
921 965
933 965
933 965
927 965
927 965
929 965
929 965
928 965
928 965
950 965
950 965
927 965
927 965
943 965
943 965
937 965
937 965
935 965
935 965
942 965
942 965
907 965
907 965
930 965
930 965
928 965
928 965
944 965
944 965
949 965
949 965
934 965
934 965
948 965
948 965
933 965
933 965
927 965
927 965
930 965
930 965
926 965
926 965
944 965
944 965
920 965
920 965
931 965
931 965
926 965
926 965
931 965
931 965
926 965
926 965
942 965
942 965
942 965
942 965
925 965
925 965
936 965
936 965
923 965
923 965
938 965
938 965
920 965
920 965
918 965
918 965
930 965
930 965
930 965
930 965
932 965
932 965
947 965
947 965
933 965
933 965
952 965
952 965
927 965
927 965
924 965
924 965
912 965
912 965
947 965
947 965
933 965
933 965
930 965
930 965
920 965
920 965
926 965
926 965
926 965
926 965
900 965
900 965
927 965
927 965
926 965
926 965
933 965
933 965
951 965
951 965
949 965
949 965
923 965
923 965
919 965
919 965
931 965
931 965
931 965
931 965
928 965
928 965
926 965
926 965
937 965
937 965
947 965
947 965
925 965
925 965
913 965
913 965
945 965
945 965
908 965
908 965
930 965
930 965
922 965
922 965
934 965
934 965
933 965
933 965
936 965
936 965
928 965
928 965
929 965
929 965
935 965
935 965
935 965
935 965
930 965
930 965
922 965
922 965
913 965
913 965
937 965
937 965
933 965
933 965
930 965
930 965
928 965
928 965
926 965
926 965
939 965
939 965
937 965
937 965
929 965
929 965
918 965
918 965
918 965
918 965
923 965
923 965
935 965
935 965
941 965
941 965
936 965
936 965
921 965
921 965
932 965
932 965
939 965
939 965
914 965
914 965
910 965
910 965
938 965
938 965
943 965
943 965
937 965
937 965
915 965
915 965
943 965
943 965
936 965
936 965
941 965
941 965
927 965
927 965
943 965
943 965
918 965
918 965
925 965
925 965
921 965
921 965
920 965
920 965
926 965
926 965
923 965
923 965
938 965
938 965
942 965
942 965
941 965
941 965
945 965
945 965
935 965
935 965
928 965
928 965
938 965
938 965
937 965
937 965
904 965
904 965
932 965
932 965
926 965
926 965
922 965
922 965
934 965
934 965
941 965
941 965
939 965
939 965
930 965
930 965
958 965
958 965
928 965
928 965
934 965
934 965
934 965
934 965
937 965
937 965
925 965
925 965
922 965
922 965
946 965
946 965
928 965
928 965
932 965
932 965
952 965
952 965
932 965
932 965
947 965
947 965
920 965
920 965
937 965
937 965
922 965
922 965
948 965
948 965
923 965
923 965
925 965
925 965
932 965
932 965
922 965
922 965
928 965
928 965
941 965
941 965
922 965
922 965
926 965
926 965
929 965
929 965
918 965
918 965
925 965
925 965
945 965
945 965
932 965
932 965
921 965
921 965
939 965
939 965
921 965
921 965
927 965
927 965
929 965
929 965
952 965
952 965
917 965
917 965
950 965
950 965
941 965
941 965
944 965
944 965
939 965
939 965
933 965
933 965
932 965
932 965
921 965
921 965
948 965
948 965
926 965
926 965
945 965
945 965
947 965
947 965
916 965
916 965
931 965
931 965
916 965
916 965
930 965
930 965
921 965
921 965
929 965
929 965
929 965
929 965
951 965
951 965
935 965
935 965
951 965
951 965
935 965
935 965
938 965
938 965
931 965
931 965
928 965
928 965
931 965
931 965
936 965
936 965
909 965
909 965
931 965
931 965
945 965
945 965
924 965
924 965
938 965
938 965
929 965
929 965
926 965
926 965
934 965
934 965
930 965
930 965
934 965
934 965
946 965
946 965
933 965
933 965
919 965
919 965
929 965
929 965
917 965
917 965
953 965
953 965
935 965
935 965
925 965
925 965
916 965
916 965
946 965
946 965
946 965
946 965
949 965
949 965
929 965
929 965
925 965
925 965
935 965
935 965
928 965
928 965
927 965
927 965
913 965
913 965
934 965
934 965
934 965
934 965
914 965
914 965
929 965
929 965
931 965
931 965
918 965
918 965
934 965
934 965
941 965
941 965
959 965
959 965
920 965
920 965
937 965
937 965
948 965
948 965
941 965
941 965
926 965
926 965
937 965
937 965
945 965
945 965
927 965
927 965
947 965
947 965
918 965
918 965
929 965
929 965
929 965
929 965
932 965
932 965
935 965
935 965
920 965
920 965
925 965
925 965
914 965
914 965
942 965
942 965
952 965
952 965
936 965
936 965
927 965
927 965
928 965
928 965
943 965
943 965
933 965
933 965
957 965
957 965
945 965
945 965
943 965
943 965
943 965
943 965
937 965
937 965
957 965
957 965
930 965
930 965
917 965
917 965
944 965
944 965
932 965
932 965
932 965
932 965
930 965
930 965
938 965
938 965
933 965
933 965
941 965
941 965
925 965
925 965
944 965
944 965
941 965
941 965
928 965
928 965
921 965
921 965
945 965
945 965
925 965
925 965
942 965
942 965
955 965
955 965
925 965
925 965
934 965
934 965
931 965
931 965
931 965
931 965
932 965
932 965
922 965
922 965
936 965
936 965
933 965
933 965
913 965
913 965
933 965
933 965
920 965
920 965
931 965
931 965
925 965
925 965
929 965
929 965
926 965
926 965
934 965
934 965
915 965
915 965
937 965
937 965
962 965
962 965
931 965
931 965
923 965
923 965
939 965
939 965
931 965
931 965
934 965
934 965
947 965
947 965
931 965
931 965
934 965
934 965
924 965
924 965
938 965
938 965
933 965
933 965
926 965
926 965
943 965
943 965
922 965
922 965
932 965
932 965
944 965
944 965
942 965
942 965
914 965
914 965
927 965
927 965
946 965
946 965
930 965
930 965
945 965
945 965
945 965
945 965
907 965
907 965
932 965
932 965
938 965
938 965
909 965
909 965
921 965
921 965
919 965
919 965
934 965
934 965
925 965
925 965
934 965
934 965
950 965
950 965
930 965
930 965
922 965
922 965
945 965
945 965
937 965
937 965
919 965
919 965
948 965
948 965
916 965
916 965
937 965
937 965
928 965
928 965
928 965
928 965
918 965
918 965
941 965
941 965
918 965
918 965
939 965
939 965
914 965
914 965
935 965
935 965
949 965
949 965
917 965
917 965
924 965
924 965
943 965
943 965
940 965
940 965
947 965
947 965
934 965
934 965
922 965
922 965
927 965
927 965
912 965
912 965
944 965
944 965
928 965
928 965
944 965
944 965
914 965
914 965
932 965
932 965
940 965
940 965
944 965
944 965
917 965
917 965
915 965
915 965
911 965
911 965
935 965
935 965
929 965
929 965
928 965
928 965
923 965
923 965
929 965
929 965
925 965
925 965
927 965
927 965
948 965
948 965
926 965
926 965
930 965
930 965
932 965
932 965
945 965
945 965
924 965
924 965
939 965
939 965
947 965
947 965
936 965
936 965
929 965
929 965
940 965
940 965
918 965
918 965
922 965
922 965
939 965
939 965
947 965
947 965
933 965
933 965
949 965
949 965
911 965
911 965
897 965
897 965
923 965
923 965
940 965
940 965
914 965
914 965
938 965
938 965
926 965
926 965
925 965
925 965
940 965
940 965
928 965
928 965
930 965
930 965
935 965
935 965
945 965
945 965
917 965
917 965
943 965
943 965
939 965
939 965
909 965
909 965
940 965
940 965
925 965
925 965
938 965
938 965
931 965
931 965
934 965
934 965
931 965
931 965
925 965
925 965
932 965
932 965
954 965
954 965
929 965
929 965
905 965
905 965
913 965
913 965
938 965
938 965
932 965
932 965
923 965
923 965
925 965
925 965
932 965
932 965
949 965
949 965
948 965
948 965
928 965
928 965
938 965
938 965
956 965
956 965
936 965
936 965
918 965
918 965
928 965
928 965
942 965
942 965
936 965
936 965
937 965
937 965
910 965
910 965
946 965
946 965
934 965
934 965
920 965
920 965
934 965
934 965
932 965
932 965
944 965
944 965
911 965
911 965
922 965
922 965
929 965
929 965
920 965
920 965
933 965
933 965
945 965
945 965
936 965
936 965
926 965
926 965
933 965
933 965
923 965
923 965
922 965
922 965
938 965
938 965
928 965
928 965
927 965
927 965
930 965
930 965
942 965
942 965
935 965
935 965
942 965
942 965
920 965
920 965
942 965
942 965
937 965
937 965
927 965
927 965
930 965
930 965
912 965
912 965
933 965
933 965
924 965
924 965
927 965
927 965
928 965
928 965
939 965
939 965
931 965
931 965
952 965
952 965
937 965
937 965
923 965
923 965
932 965
932 965
933 965
933 965
913 965
913 965
910 965
910 965
930 965
930 965
921 965
921 965
930 965
930 965
926 965
926 965
950 965
950 965
948 965
948 965
942 965
942 965
918 965
918 965
923 965
923 965
918 965
918 965
953 965
953 965
933 965
933 965
921 965
921 965
933 965
933 965
935 965
935 965
924 965
924 965
918 965
918 965
927 965
927 965
909 965
909 965
930 965
930 965
952 965
952 965
940 965
940 965
927 965
927 965
944 965
944 965
931 965
931 965
937 965
937 965
918 965
918 965
912 965
912 965
929 965
929 965
929 965
929 965
941 965
941 965
939 965
939 965
943 965
943 965
936 965
936 965
943 965
943 965
911 965
911 965
923 965
923 965
938 965
938 965
931 965
931 965
945 965
945 965
936 965
936 965
930 965
930 965
930 965
930 965
934 965
934 965
932 965
932 965
925 965
925 965
937 965
937 965
942 965
942 965
913 965
913 965
922 965
922 965
921 965
921 965
930 965
930 965
904 965
904 965
927 965
927 965
936 965
936 965
948 965
948 965
941 965
941 965
941 965
941 965
922 965
922 965
935 965
935 965
942 965
942 965
933 965
933 965
908 965
908 965
925 965
925 965
917 965
917 965
953 965
953 965
925 965
925 965
924 965
924 965
922 965
922 965
929 965
929 965
939 965
939 965
907 965
907 965
935 965
935 965
942 965
942 965
928 965
928 965
932 965
932 965
924 965
924 965
955 965
955 965
939 965
939 965
933 965
933 965
939 965
939 965
942 965
942 965
920 965
920 965
940 965
940 965
946 965
946 965
947 965
947 965
932 965
932 965
924 965
924 965
935 965
935 965
930 965
930 965
923 965
923 965
923 965
923 965
940 965
940 965
942 965
942 965
917 965
917 965
928 965
928 965
932 965
932 965
932 965
932 965
919 965
919 965
917 965
917 965
917 965
917 965
940 965
940 965
934 965
934 965
914 965
914 965
907 965
907 965
941 965
941 965
932 965
932 965
928 965
928 965
941 965
941 965
945 965
945 965
949 965
949 965
921 965
921 965
944 965
944 965
932 965
932 965
931 965
931 965
954 965
954 965
926 965
926 965
933 965
933 965
936 965
936 965
923 965
923 965
919 965
919 965
913 965
913 965
936 965
936 965
925 965
925 965
916 965
916 965
924 965
924 965
936 965
936 965
938 965
938 965
937 965
937 965
922 965
922 965
936 965
936 965
938 965
938 965
919 965
919 965
933 965
933 965
934 965
934 965
948 965
948 965
910 965
910 965
920 965
920 965
938 965
938 965
935 965
935 965
935 965
935 965
930 965
930 965
929 965
929 965
936 965
936 965
924 965
924 965
932 965
932 965
928 965
928 965
929 965
929 965
940 965
940 965
917 965
917 965
924 965
924 965
918 965
918 965
931 965
931 965
937 965
937 965
933 965
933 965
929 965
929 965
938 965
938 965
936 965
936 965
938 965
938 965
927 965
927 965
928 965
928 965
915 965
915 965
920 965
920 965
932 965
932 965
944 965
944 965
906 965
906 965
934 965
934 965
935 965
935 965
918 965
918 965
930 965
930 965
938 965
938 965
942 965
942 965
936 965
936 965
922 965
922 965
927 965
927 965
926 965
926 965
919 965
919 965
940 965
940 965
912 965
912 965
937 965
937 965
931 965
931 965
933 965
933 965
923 965
923 965
931 965
931 965
927 965
927 965
915 965
915 965
932 965
932 965
923 965
923 965
937 965
937 965
920 965
920 965
923 965
923 965
921 965
921 965
928 965
928 965
928 965
928 965
924 965
924 965
953 965
953 965
932 965
932 965
917 965
917 965
936 965
936 965
932 965
932 965
906 965
906 965
949 965
949 965
924 965
924 965
923 965
923 965
943 965
943 965
931 965
931 965
912 965
912 965
923 965
923 965
931 965
931 965
926 965
926 965
929 965
929 965
937 965
937 965
905 965
905 965
918 965
918 965
927 965
927 965
946 965
946 965
951 965
951 965
933 965
933 965
927 965
927 965
934 965
934 965
922 965
922 965
924 965
924 965
937 965
937 965
934 965
934 965
943 965
943 965
930 965
930 965
918 965
918 965
925 965
925 965
933 965
933 965
953 965
953 965
934 965
934 965
939 965
939 965
925 965
925 965
931 965
931 965
945 965
945 965
900 965
900 965
935 965
935 965
943 965
943 965
957 965
957 965
917 965
917 965
954 965
954 965
929 965
929 965
923 965
923 965
919 965
919 965
940 965
940 965
938 965
938 965
941 965
941 965
929 965
929 965
929 965
929 965
943 965
943 965
924 965
924 965
935 965
935 965
931 965
931 965
933 965
933 965
925 965
925 965
946 965
946 965
948 965
948 965
906 965
906 965
916 965
916 965
930 965
930 965
921 965
921 965
934 965
934 965
930 965
930 965
925 965
925 965
934 965
934 965
925 965
925 965
945 965
945 965
944 965
944 965
912 965
912 965
924 965
924 965
932 965
932 965
940 965
940 965
937 965
937 965
932 965
932 965
921 965
921 965
956 965
956 965
934 965
934 965
934 965
934 965
936 965
936 965
942 965
942 965
940 965
940 965
915 965
915 965
921 965
921 965
938 965
938 965
924 965
924 965
909 965
909 965
930 965
930 965
930 965
930 965
924 965
924 965
924 965
924 965
936 965
936 965
927 965
927 965
917 965
917 965
941 965
941 965
948 965
948 965
924 965
924 965
935 965
935 965
922 965
922 965
913 965
913 965
945 965
945 965
926 965
926 965
937 965
937 965
941 965
941 965
933 965
933 965
926 965
926 965
923 965
923 965
930 965
930 965
937 965
937 965
927 965
927 965
924 965
924 965
929 965
929 965
921 965
921 965
920 965
920 965
933 965
933 965
939 965
939 965
938 965
938 965
934 965
934 965
944 965
944 965
921 965
921 965
941 965
941 965
923 965
923 965
919 965
919 965
924 965
924 965
936 965
936 965
926 965
926 965
921 965
921 965
943 965
943 965
929 965
929 965
931 965
931 965
926 965
926 965
933 965
933 965
923 965
923 965
925 965
925 965
922 965
922 965
928 965
928 965
939 965
939 965
918 965
918 965
931 965
931 965
927 965
927 965
911 965
911 965
919 965
919 965
945 965
945 965
952 965
952 965
920 965
920 965
917 965
917 965
932 965
932 965
923 965
923 965
923 965
923 965
944 965
944 965
930 965
930 965
920 965
920 965
925 965
925 965
941 965
941 965
928 965
928 965
943 965
943 965
935 965
935 965
926 965
926 965
937 965
937 965
940 965
940 965
917 965
917 965
958 965
958 965
942 965
942 965
932 965
932 965
933 965
933 965
924 965
924 965
942 965
942 965
943 965
943 965
943 965
943 965
919 965
919 965
951 965
951 965
921 965
921 965
935 965
935 965
952 965
952 965
925 965
925 965
922 965
922 965
953 965
953 965
951 965
951 965
926 965
926 965
934 965
934 965
956 965
956 965
935 965
935 965
934 965
934 965
938 965
938 965
920 965
920 965
934 965
934 965
943 965
943 965
917 965
917 965
921 965
921 965
934 965
934 965
919 965
919 965
920 965
920 965
936 965
936 965
919 965
919 965
908 965
908 965
942 965
942 965
950 965
950 965
934 965
934 965
926 965
926 965
949 965
949 965
931 965
931 965
925 965
925 965
943 965
943 965
928 965
928 965
936 965
936 965
928 965
928 965
918 965
918 965
921 965
921 965
932 965
932 965
939 965
939 965
941 965
941 965
931 965
931 965
955 965
955 965
924 965
924 965
951 965
951 965
932 965
932 965
925 965
925 965
918 965
918 965
934 965
934 965
932 965
932 965
937 965
937 965
947 965
947 965
937 965
937 965
925 965
925 965
936 965
936 965
934 965
934 965
934 965
934 965
929 965
929 965
925 965
925 965
940 965
940 965
925 965
925 965
917 965
917 965
937 965
937 965
945 965
945 965
917 965
917 965
945 965
945 965
936 965
936 965
935 965
935 965
927 965
927 965
938 965
938 965
924 965
924 965
953 965
953 965
925 965
925 965
933 965
933 965
917 965
917 965
930 965
930 965
942 965
942 965
923 965
923 965
949 965
949 965
920 965
920 965
950 965
950 965
915 965
915 965
917 965
917 965
943 965
943 965
949 965
949 965
933 965
933 965
930 965
930 965
921 965
921 965
953 965
953 965
933 965
933 965
933 965
933 965
948 965
948 965
938 965
938 965
951 965
951 965
925 965
925 965
943 965
943 965
935 965
935 965
924 965
924 965
943 965
943 965
940 965
940 965
923 965
923 965
941 965
941 965
935 965
935 965
923 965
923 965
929 965
929 965
904 965
904 965
927 965
927 965
928 965
928 965
931 965
931 965
916 965
916 965
947 965
947 965
924 965
924 965
915 965
915 965
916 965
916 965
937 965
937 965
932 965
932 965
941 965
941 965
916 965
916 965
953 965
953 965
933 965
933 965
929 965
929 965
909 965
909 965
929 965
929 965
940 965
940 965
919 965
919 965
925 965
925 965
929 965
929 965
926 965
926 965
929 965
929 965
942 965
942 965
935 965
935 965
943 965
943 965
950 965
950 965
934 965
934 965
928 965
928 965
940 965
940 965
937 965
937 965
924 965
924 965
927 965
927 965
921 965
921 965
927 965
927 965
911 965
911 965
909 965
909 965
945 965
945 965
932 965
932 965
944 965
944 965
931 965
931 965
925 965
925 965
940 965
940 965
933 965
933 965
923 965
923 965
942 965
942 965
919 965
919 965
939 965
939 965
917 965
917 965
925 965
925 965
936 965
936 965
923 965
923 965
932 965
932 965
915 965
915 965
916 965
916 965
951 965
951 965
919 965
919 965
929 965
929 965
939 965
939 965
934 965
934 965
942 965
942 965
929 965
929 965
941 965
941 965
937 965
937 965
932 965
932 965
941 965
941 965
925 965
925 965
935 965
935 965
932 965
932 965
933 965
933 965
929 965
929 965
929 965
929 965
947 965
947 965
915 965
915 965
932 965
932 965
946 965
946 965
927 965
927 965
932 965
932 965
922 965
922 965
935 965
935 965
946 965
946 965
934 965
934 965
929 965
929 965
928 965
928 965
948 965
948 965
925 965
925 965
927 965
927 965
938 965
938 965
943 965
943 965
923 965
923 965
923 965
923 965
935 965
935 965
935 965
935 965
959 965
959 965
932 965
932 965
944 965
944 965
931 965
931 965
924 965
924 965
926 965
926 965
928 965
928 965
935 965
935 965
947 965
947 965
942 965
942 965
936 965
936 965
938 965
938 965
934 965
934 965
924 965
924 965
942 965
942 965
945 965
945 965
937 965
937 965
940 965
940 965
933 965
933 965
946 965
946 965
927 965
927 965
941 965
941 965
926 965
926 965
935 965
935 965
905 965
905 965
930 965
930 965
940 965
940 965
928 965
928 965
921 965
921 965
942 965
942 965
920 965
920 965
935 965
935 965
923 965
923 965
942 965
942 965
930 965
930 965
931 965
931 965
941 965
941 965
931 965
931 965
912 965
912 965
944 965
944 965
945 965
945 965
904 965
904 965
931 965
931 965
934 965
934 965
916 965
916 965
921 965
921 965
913 965
913 965
917 965
917 965
919 965
919 965
943 965
943 965
929 965
929 965
925 965
925 965
947 965
947 965
923 965
923 965
932 965
932 965
933 965
933 965
942 965
942 965
941 965
941 965
913 965
913 965
916 965
916 965
916 965
916 965
912 965
912 965
934 965
934 965
904 965
904 965
930 965
930 965
928 965
928 965
930 965
930 965
938 965
938 965
930 965
930 965
937 965
937 965
932 965
932 965
919 965
919 965
934 965
934 965
937 965
937 965
927 965
927 965
927 965
927 965
930 965
930 965
935 965
935 965
928 965
928 965
948 965
948 965
945 965
945 965
931 965
931 965
939 965
939 965
931 965
931 965
928 965
928 965
916 965
916 965
949 965
949 965
943 965
943 965
951 965
951 965
943 965
943 965
924 965
924 965
917 965
917 965
932 965
932 965
937 965
937 965
925 965
925 965
929 965
929 965
935 965
935 965
934 965
934 965
919 965
919 965
925 965
925 965
926 965
926 965
923 965
923 965
935 965
935 965
955 965
955 965
918 965
918 965
912 965
912 965
940 965
940 965
944 965
944 965
927 965
927 965
932 965
932 965
933 965
933 965
915 965
915 965
932 965
932 965
914 965
914 965
931 965
931 965
927 965
927 965
945 965
945 965
922 965
922 965
931 965
931 965
935 965
935 965
941 965
941 965
912 965
912 965
901 965
901 965
935 965
935 965
921 965
921 965
932 965
932 965
928 965
928 965
929 965
929 965
949 965
949 965
929 965
929 965
930 965
930 965
935 965
935 965
935 965
935 965
906 965
906 965
922 965
922 965
929 965
929 965
937 965
937 965
923 965
923 965
940 965
940 965
933 965
933 965
933 965
933 965
922 965
922 965
916 965
916 965
919 965
919 965
943 965
943 965
930 965
930 965
943 965
943 965
943 965
943 965
936 965
936 965
925 965
925 965
940 965
940 965
935 965
935 965
935 965
935 965
926 965
926 965
921 965
921 965
944 965
944 965
951 965
951 965
927 965
927 965
928 965
928 965
930 965
930 965
951 965
951 965
932 965
932 965
924 965
924 965
919 965
919 965
940 965
940 965
927 965
927 965
937 965
937 965
935 965
935 965
930 965
930 965
940 965
940 965
914 965
914 965
914 965
914 965
927 965
927 965
922 965
922 965
921 965
921 965
942 965
942 965
928 965
928 965
920 965
920 965
922 965
922 965
927 965
927 965
918 965
918 965
921 965
921 965
936 965
936 965
934 965
934 965
921 965
921 965
914 965
914 965
930 965
930 965
930 965
930 965
926 965
926 965
923 965
923 965
931 965
931 965
940 965
940 965
953 965
953 965
949 965
949 965
933 965
933 965
935 965
935 965
928 965
928 965
926 965
926 965
927 965
927 965
922 965
922 965
910 965
910 965
943 965
943 965
928 965
928 965
935 965
935 965
920 965
920 965
928 965
928 965
915 965
915 965
924 965
924 965
947 965
947 965
934 965
934 965
923 965
923 965
919 965
919 965
929 965
929 965
908 965
908 965
947 965
947 965
923 965
923 965
951 965
951 965
915 965
915 965
912 965
912 965
955 965
955 965
935 965
935 965
941 965
941 965
937 965
937 965
923 965
923 965
932 965
932 965
934 965
934 965
926 965
926 965
930 965
930 965
914 965
914 965
933 965
933 965
915 965
915 965
947 965
947 965
929 965
929 965
920 965
920 965
931 965
931 965
920 965
920 965
927 965
927 965
935 965
935 965
927 965
927 965
944 965
944 965
926 965
926 965
928 965
928 965
929 965
929 965
927 965
927 965
939 965
939 965
917 965
917 965
924 965
924 965
934 965
934 965
949 965
949 965
952 965
952 965
936 965
936 965
945 965
945 965
918 965
918 965
916 965
916 965
932 965
932 965
927 965
927 965
928 965
928 965
924 965
924 965
914 965
914 965
923 965
923 965
937 965
937 965
928 965
928 965
926 965
926 965
924 965
924 965
920 965
920 965
927 965
927 965
923 965
923 965
930 965
930 965
933 965
933 965
950 965
950 965
935 965
935 965
925 965
925 965
923 965
923 965
940 965
940 965
960 965
960 965
926 965
926 965
912 965
912 965
942 965
942 965
935 965
935 965
927 965
927 965
934 965
934 965
923 965
923 965
921 965
921 965
935 965
935 965
915 965
915 965
936 965
936 965
931 965
931 965
926 965
926 965
945 965
945 965
919 965
919 965
924 965
924 965
914 965
914 965
937 965
937 965
937 965
937 965
954 965
954 965
931 965
931 965
905 965
905 965
939 965
939 965
928 965
928 965
945 965
945 965
926 965
926 965
944 965
944 965
918 965
918 965
904 965
904 965
935 965
935 965
921 965
921 965
938 965
938 965
922 965
922 965
932 965
932 965
933 965
933 965
923 965
923 965
924 965
924 965
935 965
935 965
923 965
923 965
961 965
961 965
932 965
932 965
923 965
923 965
941 965
941 965
928 965
928 965
935 965
935 965
941 965
941 965
938 965
938 965
952 965
952 965
922 965
922 965
916 965
916 965
939 965
939 965
938 965
938 965
927 965
927 965
948 965
948 965
928 965
928 965
932 965
932 965
935 965
935 965
945 965
945 965
924 965
924 965
936 965
936 965
933 965
933 965
931 965
931 965
917 965
917 965
933 965
933 965
940 965
940 965
928 965
928 965
920 965
920 965
950 965
950 965
942 965
942 965
929 965
929 965
930 965
930 965
940 965
940 965
910 965
910 965
930 965
930 965
933 965
933 965
929 965
929 965
936 965
936 965
940 965
940 965
933 965
933 965
941 965
941 965
937 965
937 965
918 965
918 965
916 965
916 965
946 965
946 965
935 965
935 965
947 965
947 965
912 965
912 965
926 965
926 965
939 965
939 965
922 965
922 965
916 965
916 965
937 965
937 965
935 965
935 965
930 965
930 965
922 965
922 965
935 965
935 965
934 965
934 965
929 965
929 965
924 965
924 965
933 965
933 965
923 965
923 965
939 965
939 965
932 965
932 965
933 965
933 965
959 965
959 965
938 965
938 965
919 965
919 965
938 965
938 965
937 965
937 965
943 965
943 965
921 965
921 965
911 965
911 965
934 965
934 965
948 965
948 965
932 965
932 965
923 965
923 965
926 965
926 965
926 965
926 965
936 965
936 965
924 965
924 965
950 965
950 965
927 965
927 965
927 965
927 965
939 965
939 965
929 965
929 965
935 965
935 965
925 965
925 965
929 965
929 965
934 965
934 965
905 965
905 965
926 965
926 965
944 965
944 965
908 965
908 965
945 965
945 965
949 965
949 965
926 965
926 965
943 965
943 965
932 965
932 965
934 965
934 965
931 965
931 965
946 965
946 965
925 965
925 965
938 965
938 965
918 965
918 965
945 965
945 965
944 965
944 965
923 965
923 965
921 965
921 965
944 965
944 965
928 965
928 965
922 965
922 965
928 965
928 965
934 965
934 965
930 965
930 965
934 965
934 965
948 965
948 965
930 965
930 965
930 965
930 965
928 965
928 965
931 965
931 965
925 965
925 965
926 965
926 965
931 965
931 965
921 965
921 965
935 965
935 965
927 965
927 965
917 965
917 965
933 965
933 965
909 965
909 965
940 965
940 965
924 965
924 965
950 965
950 965
939 965
939 965
939 965
939 965
930 965
930 965
943 965
943 965
917 965
917 965
937 965
937 965
924 965
924 965
934 965
934 965
931 965
931 965
942 965
942 965
917 965
917 965
919 965
919 965
937 965
937 965
917 965
917 965
913 965
913 965
950 965
950 965
936 965
936 965
933 965
933 965
946 965
946 965
925 965
925 965
941 965
941 965
931 965
931 965
939 965
939 965
917 965
917 965
951 965
951 965
929 965
929 965
922 965
922 965
934 965
934 965
927 965
927 965
960 965
960 965
925 965
925 965
937 965
937 965
941 965
941 965
931 965
931 965
938 965
938 965
932 965
932 965
943 965
943 965
910 965
910 965
937 965
937 965
941 965
941 965
916 965
916 965
936 965
936 965
937 965
937 965
930 965
930 965
945 965
945 965
912 965
912 965
913 965
913 965
929 965
929 965
924 965
924 965
935 965
935 965
929 965
929 965
943 965
943 965
940 965
940 965
929 965
929 965
932 965
932 965
926 965
926 965
948 965
948 965
931 965
931 965
938 965
938 965
922 965
922 965
928 965
928 965
939 965
939 965
916 965
916 965
919 965
919 965
931 965
931 965
955 965
955 965
935 965
935 965
906 965
906 965
921 965
921 965
930 965
930 965
937 965
937 965
934 965
934 965
942 965
942 965
923 965
923 965
949 965
949 965
929 965
929 965
922 965
922 965
948 965
948 965
938 965
938 965
923 965
923 965
929 965
929 965
946 965
946 965
933 965
933 965
928 965
928 965
929 965
929 965
939 965
939 965
920 965
920 965
933 965
933 965
933 965
933 965
925 965
925 965
923 965
923 965
929 965
929 965
921 965
921 965
928 965
928 965
924 965
924 965
923 965
923 965
914 965
914 965
945 965
945 965
935 965
935 965
921 965
921 965
940 965
940 965
939 965
939 965
938 965
938 965
925 965
925 965
925 965
925 965
925 965
925 965
948 965
948 965
938 965
938 965
939 965
939 965
957 965
957 965
928 965
928 965
925 965
925 965
926 965
926 965
914 965
914 965
951 965
951 965
954 965
954 965
945 965
945 965
937 965
937 965
938 965
938 965
937 965
937 965
955 965
955 965
917 965
917 965
914 965
914 965
930 965
930 965
917 965
917 965
940 965
940 965
921 965
921 965
926 965
926 965
933 965
933 965
933 965
933 965
937 965
937 965
923 965
923 965
928 965
928 965
937 965
937 965
936 965
936 965
930 965
930 965
931 965
931 965
930 965
930 965
926 965
926 965
927 965
927 965
924 965
924 965
941 965
941 965
927 965
927 965
919 965
919 965
930 965
930 965
931 965
931 965
923 965
923 965
946 965
946 965
926 965
926 965
916 965
916 965
913 965
913 965
921 965
921 965
907 965
907 965
937 965
937 965
933 965
933 965
920 965
920 965
932 965
932 965
936 965
936 965
934 965
934 965
921 965
921 965
936 965
936 965
949 965
949 965
928 965
928 965
938 965
938 965
949 965
949 965
923 965
923 965
941 965
941 965
926 965
926 965
942 965
942 965
944 965
944 965
920 965
920 965
933 965
933 965
930 965
930 965
933 965
933 965
941 965
941 965
938 965
938 965
914 965
914 965
928 965
928 965
922 965
922 965
932 965
932 965
917 965
917 965
927 965
927 965
930 965
930 965
929 965
929 965
923 965
923 965
930 965
930 965
945 965
945 965
931 965
931 965
944 965
944 965
932 965
932 965
924 965
924 965
948 965
948 965
931 965
931 965
928 965
928 965
935 965
935 965
914 965
914 965
912 965
912 965
945 965
945 965
926 965
926 965
921 965
921 965
930 965
930 965
946 965
946 965
946 965
946 965
945 965
945 965
948 965
948 965
918 965
918 965
925 965
925 965
926 965
926 965
935 965
935 965
925 965
925 965
925 965
925 965
954 965
954 965
921 965
921 965
939 965
939 965
918 965
918 965
936 965
936 965
939 965
939 965
943 965
943 965
905 965
905 965
920 965
920 965
927 965
927 965
958 965
958 965
930 965
930 965
931 965
931 965
941 965
941 965
939 965
939 965
917 965
917 965
933 965
933 965
921 965
921 965
927 965
927 965
946 965
946 965
943 965
943 965
938 965
938 965
936 965
936 965
934 965
934 965
946 965
946 965
934 965
934 965
934 965
934 965
920 965
920 965
925 965
925 965
944 965
944 965
921 965
921 965
935 965
935 965
939 965
939 965
928 965
928 965
934 965
934 965
917 965
917 965
930 965
930 965
935 965
935 965
935 965
935 965
914 965
914 965
929 965
929 965
935 965
935 965
947 965
947 965
937 965
937 965
945 965
945 965
936 965
936 965
954 965
954 965
925 965
925 965
938 965
938 965
940 965
940 965
931 965
931 965
933 965
933 965
933 965
933 965
924 965
924 965
920 965
920 965
936 965
936 965
928 965
928 965
927 965
927 965
933 965
933 965
913 965
913 965
957 965
957 965
929 965
929 965
935 965
935 965
947 965
947 965
932 965
932 965
921 965
921 965
930 965
930 965
927 965
927 965
919 965
919 965
933 965
933 965
898 965
898 965
939 965
939 965
932 965
932 965
945 965
945 965
928 965
928 965
929 965
929 965
918 965
918 965
939 965
939 965
934 965
934 965
918 965
918 965
931 965
931 965
937 965
937 965
939 965
939 965
936 965
936 965
935 965
935 965
938 965
938 965
930 965
930 965
929 965
929 965
930 965
930 965
908 965
908 965
926 965
926 965
930 965
930 965
944 965
944 965
929 965
929 965
917 965
917 965
914 965
914 965
935 965
935 965
924 965
924 965
934 965
934 965
923 965
923 965
944 965
944 965
933 965
933 965
917 965
917 965
931 965
931 965
923 965
923 965
925 965
925 965
919 965
919 965
932 965
932 965
941 965
941 965
927 965
927 965
921 965
921 965
934 965
934 965
935 965
935 965
941 965
941 965
940 965
940 965
934 965
934 965
949 965
949 965
952 965
952 965
939 965
939 965
917 965
917 965
947 965
947 965
926 965
926 965
932 965
932 965
945 965
945 965
944 965
944 965
925 965
925 965
931 965
931 965
950 965
950 965
955 965
955 965
939 965
939 965
933 965
933 965
918 965
918 965
948 965
948 965
949 965
949 965
912 965
912 965
939 965
939 965
940 965
940 965
933 965
933 965
919 965
919 965
940 965
940 965
943 965
943 965
933 965
933 965
927 965
927 965
942 965
942 965
913 965
913 965
944 965
944 965
935 965
935 965
936 965
936 965
928 965
928 965
922 965
922 965
948 965
948 965
914 965
914 965
942 965
942 965
933 965
933 965
926 965
926 965
921 965
921 965
938 965
938 965
922 965
922 965
924 965
924 965
929 965
929 965
928 965
928 965
923 965
923 965
940 965
940 965
947 965
947 965
936 965
936 965
940 965
940 965
935 965
935 965
920 965
920 965
924 965
924 965
923 965
923 965
929 965
929 965
925 965
925 965
936 965
936 965
921 965
921 965
944 965
944 965
937 965
937 965
929 965
929 965
947 965
947 965
939 965
939 965
923 965
923 965
927 965
927 965
934 965
934 965
935 965
935 965
926 965
926 965
924 965
924 965
932 965
932 965
946 965
946 965
915 965
915 965
930 965
930 965
934 965
934 965
932 965
932 965
936 965
936 965
940 965
940 965
927 965
927 965
931 965
931 965
944 965
944 965
915 965
915 965
945 965
945 965
932 965
932 965
928 965
928 965
932 965
932 965
908 965
908 965
940 965
940 965
937 965
937 965
947 965
947 965
907 965
907 965
925 965
925 965
940 965
940 965
938 965
938 965
914 965
914 965
933 965
933 965
928 965
928 965
935 965
935 965
929 965
929 965
934 965
934 965
931 965
931 965
943 965
943 965
952 965
952 965
944 965
944 965
939 965
939 965
929 965
929 965
927 965
927 965
933 965
933 965
943 965
943 965
918 965
918 965
931 965
931 965
932 965
932 965
931 965
931 965
920 965
920 965
944 965
944 965
939 965
939 965
941 965
941 965
927 965
927 965
928 965
928 965
943 965
943 965
926 965
926 965
936 965
936 965
932 965
932 965
945 965
945 965
929 965
929 965
933 965
933 965
935 965
935 965
915 965
915 965
936 965
936 965
941 965
941 965
933 965
933 965
930 965
930 965
934 965
934 965
941 965
941 965
940 965
940 965
937 965
937 965
934 965
934 965
906 965
906 965
949 965
949 965
950 965
950 965
939 965
939 965
941 965
941 965
931 965
931 965
930 965
930 965
951 965
951 965
938 965
938 965
933 965
933 965
935 965
935 965
927 965
927 965
925 965
925 965
942 965
