../jeu_100_25_4.txt_3_currentFirst	../jeu_100_25_4.txt_3_bestFirst	../jeu_100_25_4.txt_3_currentBest	../jeu_100_25_4.txt_3_bestBest	../jeu_100_75_2.txt_3_currentFirst	../jeu_100_75_2.txt_3_bestFirst	../jeu_100_75_2.txt_3_currentBest	../jeu_100_75_2.txt_3_bestBest	../jeu_200_25_8.txt_3_currentFirst	../jeu_200_25_8.txt_3_bestFirst	../jeu_200_25_8.txt_3_currentBest	../jeu_200_25_8.txt_3_bestBest	../jeu_200_75_5.txt_3_currentFirst	../jeu_200_75_5.txt_3_bestFirst	../jeu_200_75_5.txt_3_currentBest	../jeu_200_75_5.txt_3_bestBest	
-104.733	-104.733	13166	13166	-107.333	-107.333	-136.333	-136.333	-174.733	-174.733	-265.733	-265.733	-58.7333	-58.7333	-309.733	-309.733	
0	0	0	13166	0	0	0	0	0	0	0	0	0	0	0	0	
0	0	0	13166	0	0	0	0	0	0	0	0	0	0	0	0	
46	46	30881.5	30881.5	213	213	72032.7	72032.7	15	15	220	220	50	50	267285	267285	
79	79	32609.5	32609.5	1532	1532	79599.7	79599.7	49	49	90108.5	90108.5	88	88	277035	277035	
88	88	34247.5	34247.5	1765	1765	83733.7	83733.7	98	98	93720.5	93720.5	111	111	298015	298015	
11978.7	11978.7	34631.5	34631.5	2612	2612	86233.7	86233.7	134	134	99637.5	99637.5	139	139	308223	308223	
12434.7	12434.7	34956.5	34956.5	3841	3841	88381.7	88381.7	136	136	103748	103748	143	143	322340	322340	
12479.7	12479.7	35437.5	35437.5	4126	4126	90588.7	90588.7	147	147	105128	105128	176	176	325207	325207	
12735.7	12735.7	36043.5	36043.5	5156	5156	0	90588.7	151	151	105858	105858	203	203	334020	334020	
12897.7	12897.7	36476.5	36476.5	5241	5241	0	90588.7	155	155	106164	106164	138093	138093	337068	337068	
12898.7	12898.7	36916.5	36916.5	5272	5272	127	90588.7	192	192	106623	106623	140721	140721	339613	339613	
13120.7	13120.7	37257.5	37257.5	5273	5273	307	90588.7	45743.7	45743.7	107456	107456	142612	142612	342441	342441	
13394.7	13394.7	37635.5	37635.5	6302	6302	59654.7	90588.7	46114.7	46114.7	107900	107900	142860	142860	347189	347189	
13440.7	13440.7	37925.5	37925.5	6353	6353	65698.7	90588.7	46539.7	46539.7	0	107900	144663	144663	349930	349930	
13688.7	13688.7	38361.5	38361.5	6482	6482	70885.7	90588.7	46615.7	46615.7	0	107900	146778	146778	356348	356348	
13846.7	13846.7	38625.5	38625.5	7694	7694	76201.7	90588.7	47448.7	47448.7	94609.5	107900	147183	147183	358768	358768	
14176.7	14176.7	38912.5	38912.5	8462	8462	77654.7	90588.7	47813.7	47813.7	103017	107900	148958	148958	361789	361789	
14645.7	14645.7	39225.5	39225.5	9870	9870	83194.7	90588.7	48332.7	48332.7	105185	107900	150514	150514	364923	364923	
14801.7	14801.7	39654.5	39654.5	10030	10030	84941.7	90588.7	48423.7	48423.7	106800	107900	150728	150728	375099	375099	
15023.7	15023.7	40189.5	40189.5	10062	10062	85708.7	90588.7	48555.7	48555.7	107605	107900	151007	151007	377272	377272	
15382.7	15382.7	40680.5	40680.5	10754	10754	86627.7	90588.7	48928.7	48928.7	108689	108689	151340	151340	379903	379903	
15403.7	15403.7	40752.5	40752.5	11638	11638	88069.7	90588.7	49177.7	49177.7	109620	109620	151567	151567	382008	382008	
15405.7	15405.7	41198.5	41198.5	11774	11774	89342.7	90588.7	49422.7	49422.7	110356	110356	153328	153328	383928	383928	
15547.7	15547.7	41566.5	41566.5	12790	12790	0	90588.7	49503.7	49503.7	110889	110889	153464	153464	385945	385945	
15732.7	15732.7	41590.5	41590.5	12823	12823	0	90588.7	50199.7	50199.7	111561	111561	153664	153664	386069	386069	
16116.7	16116.7	41762.5	41762.5	12960	12960	67670.7	90588.7	50839.7	50839.7	112286	112286	153687	153687	0	386069	
16417.7	16417.7	42372.5	42372.5	13193	13193	73884.7	90588.7	50943.7	50943.7	112748	112748	156056	156056	0	386069	
16508.7	16508.7	43086.5	43086.5	14400	14400	82864.7	90588.7	51164.7	51164.7	113358	113358	156305	156305	174	386069	
16708.7	16708.7	43202.5	43202.5	15504	15504	83999.7	90588.7	51904.7	51904.7	114213	114213	158179	158179	247	386069	
16714.7	16714.7	43246.5	43246.5	15599	15599	85663.7	90588.7	52174.7	52174.7	114953	114953	158778	158778	307	386069	
16726.7	16726.7	43610.5	43610.5	16509	16509	86545.7	90588.7	53308.7	53308.7	115541	115541	158809	158809	333	386069	
16877.7	16877.7	43993.5	43993.5	0	16509	87916.7	90588.7	53420.7	53420.7	116535	116535	160606	160606	271431	386069	
17226.7	17226.7	44246.5	44246.5	0	16509	88737.7	90588.7	53651.7	53651.7	117339	117339	162402	162402	292611	386069	
17330.7	17330.7	44672.5	44672.5	29	16509	89887.7	90588.7	54266.7	54266.7	117680	117680	163684	163684	306958	386069	
18049.7	18049.7	45278.5	45278.5	68	16509	90920.7	90920.7	54497.7	54497.7	118171	118171	164199	164199	316493	386069	
18205.7	18205.7	45525.5	45525.5	105	16509	91737.7	91737.7	55248.7	55248.7	118847	118847	164688	164688	319293	386069	
18279.7	18279.7	45795.5	45795.5	111	16509	92603.7	92603.7	55332.7	55332.7	119672	119672	166278	166278	327980	386069	
18490.7	18490.7	46268.5	46268.5	114	16509	93543.7	93543.7	55346.7	55346.7	120407	120407	166561	166561	329881	386069	
0	18490.7	46506.5	46506.5	36535.3	36535.3	94502.7	94502.7	55403.7	55403.7	120973	120973	168551	168551	331684	386069	
0	18490.7	46723.5	46723.5	37832.3	37832.3	98287.7	98287.7	55448.7	55448.7	121414	121414	169283	169283	333342	386069	
13812.7	18490.7	47235.5	47235.5	37943.3	37943.3	98697.7	98697.7	55938.7	55938.7	121634	121634	169429	169429	335383	386069	
14051.7	18490.7	47749.5	47749.5	38169.3	38169.3	99603.7	99603.7	56715.7	56715.7	122144	122144	169744	169744	337465	386069	
14288.7	18490.7	47815.5	47815.5	38912.3	38912.3	100167	100167	57568.7	57568.7	123110	123110	170243	170243	340004	386069	
14728.7	18490.7	0	47815.5	39062.3	39062.3	101186	101186	57797.7	57797.7	124008	124008	172201	172201	342429	386069	
14874.7	18490.7	0	47815.5	39106.3	39106.3	102509	102509	57836.7	57836.7	124008	124008	174045	174045	344706	386069	
14954.7	18490.7	199	47815.5	39893.3	39893.3	103639	103639	58267.7	58267.7	124008	124008	174075	174075	346367	386069	
15119.7	18490.7	26368.5	47815.5	39916.3	39916.3	104863	104863	58955.7	58955.7	124008	124008	174154	174154	348622	386069	
15243.7	18490.7	28678.5	47815.5	41127.3	41127.3	105797	105797	59065.7	59065.7	124008	124008	174199	174199	350266	386069	
15766.7	18490.7	30193.5	47815.5	41912.3	41912.3	107021	107021	59570.7	59570.7	124008	124008	175657	175657	352309	386069	
15971.7	18490.7	32879.5	47815.5	42670.3	42670.3	108328	108328	60015.7	60015.7	124008	124008	0	175657	354509	386069	
16323.7	18490.7	33743.5	47815.5	43585.3	43585.3	109461	109461	60238.7	60238.7	124008	124008	0	175657	356917	386069	
16703.7	18490.7	34339.5	47815.5	43599.3	43599.3	110367	110367	60455.7	60455.7	124008	124008	34	175657	359394	386069	
16926.7	18490.7	34637.5	47815.5	44625.3	44625.3	112039	112039	0	60455.7	124008	124008	49	175657	361622	386069	
16973.7	18490.7	34875.5	47815.5	44666.3	44666.3	113620	113620	0	60455.7	124008	124008	87	175657	363940	386069	
17201.7	18490.7	35324.5	47815.5	45776.3	45776.3	114844	114844	6	60455.7	124008	124008	120	175657	365601	386069	
17314.7	18490.7	35765.5	47815.5	46589.3	46589.3	115869	115869	15	60455.7	124008	124008	132	175657	366763	386069	
17646.7	18490.7	36292.5	47815.5	46606.3	46606.3	0	115869	19	60455.7	124008	124008	143	175657	368602	386069	
17875.7	18490.7	0	47815.5	46685.3	46685.3	0	115869	29	60455.7	124008	124008	160	175657	371190	386069	
18263.7	18490.7	0	47815.5	47006.3	47006.3	73228.7	115869	50391.7	60455.7	124008	124008	193	175657	373460	386069	
18723.7	18723.7	27461.5	47815.5	0	47006.3	80339.7	115869	51277.7	60455.7	124008	124008	196	175657	375402	386069	
18727.7	18727.7	28503.5	47815.5	0	47006.3	82543.7	115869	51748.7	60455.7	124008	124008	135078	175657	378122	386069	
18821.7	18821.7	31526.5	47815.5	264	47006.3	87039.7	115869	52035.7	60455.7	124008	124008	135108	175657	378522	386069	
18862.7	18862.7	32276.5	47815.5	1498	47006.3	88765.7	115869	52455.7	60455.7	124008	124008	137325	175657	380839	386069	
18946.7	18946.7	33202.5	47815.5	1546	47006.3	91449.7	115869	52480.7	60455.7	124008	124008	137602	175657	381273	386069	
0	18946.7	33946.5	47815.5	1762	47006.3	92197.7	115869	52623.7	60455.7	124008	124008	139227	175657	383179	386069	
0	18946.7	34536.5	47815.5	1953	47006.3	92827.7	115869	52666.7	60455.7	124008	124008	139482	175657	385226	386069	
100	18946.7	34988.5	47815.5	2168	47006.3	93377.7	115869	53395.7	60455.7	124008	124008	139773	175657	386764	386764	
304	18946.7	35619.5	47815.5	3468	47006.3	94482.7	115869	53567.7	60455.7	124008	124008	140996	175657	389144	389144	
470	18946.7	35948.5	47815.5	3802	47006.3	95709.7	115869	54123.7	60455.7	124008	124008	142468	175657	390682	390682	
848	18946.7	36330.5	47815.5	4725	47006.3	96662.7	115869	54189.7	60455.7	124008	124008	142525	175657	390682	390682	
952	18946.7	36961.5	47815.5	4860	47006.3	97858.7	115869	54319.7	60455.7	124008	124008	144492	175657	390682	390682	
1463	18946.7	37382.5	47815.5	5826	47006.3	98986.7	115869	54406.7	60455.7	124008	124008	144675	175657	390682	390682	
1825	18946.7	37764.5	47815.5	6155	47006.3	100047	115869	54533.7	60455.7	124008	124008	145196	175657	390682	390682	
1920	18946.7	38012.5	47815.5	6434	47006.3	101030	115869	54779.7	60455.7	124008	124008	147375	175657	390682	390682	
2126	18946.7	38473.5	47815.5	7511	47006.3	102144	115869	55028.7	60455.7	124008	124008	147636	175657	390682	390682	
2248	18946.7	38894.5	47815.5	7547	47006.3	103327	115869	55662.7	60455.7	124008	124008	148995	175657	390682	390682	
2461	18946.7	39225.5	47815.5	7941	47006.3	104441	115869	55792.7	60455.7	124008	124008	150999	175657	390682	390682	
2489	18946.7	39781.5	47815.5	8750	47006.3	105497	115869	56552.7	60455.7	124008	124008	152431	175657	390682	390682	
2538	18946.7	40191.5	47815.5	8775	47006.3	0	115869	56620.7	60455.7	124008	124008	154326	175657	390682	390682	
0	18946.7	40403.5	47815.5	8889	47006.3	0	115869	57426.7	60455.7	124008	124008	156587	175657	390682	390682	
0	18946.7	40824.5	47815.5	8981	47006.3	72330.7	115869	57731.7	60455.7	124008	124008	158615	175657	390682	390682	
23	18946.7	41155.5	47815.5	9347	47006.3	80124.7	115869	58419.7	60455.7	124008	124008	160858	175657	390682	390682	
12407.7	18946.7	41873.5	47815.5	9365	47006.3	85013.7	115869	0	60455.7	124008	124008	163195	175657	390682	390682	
12754.7	18946.7	42115.5	47815.5	9459	47006.3	88214.7	115869	0	60455.7	124008	124008	164993	175657	390682	390682	
13074.7	18946.7	42664.5	47815.5	10668	47006.3	89595.7	115869	38	60455.7	124008	124008	166805	175657	390682	390682	
13134.7	18946.7	42929.5	47815.5	10956	47006.3	90641.7	115869	67	60455.7	124008	124008	169346	175657	390682	390682	
13229.7	18946.7	43162.5	47815.5	12207	47006.3	91885.7	115869	79	60455.7	124008	124008	170132	175657	390682	390682	
13406.7	18946.7	43426.5	47815.5	12431	47006.3	92962.7	115869	82	60455.7	124008	124008	172299	175657	390682	390682	
13731.7	18946.7	43778.5	47815.5	12477	47006.3	93561.7	115869	100	60455.7	124008	124008	172360	175657	390682	390682	
13896.7	18946.7	44229.5	47815.5	12481	47006.3	95156.7	115869	49976.7	60455.7	124008	124008	172947	175657	390682	390682	
14104.7	18946.7	44405.5	47815.5	13891	47006.3	96613.7	115869	49992.7	60455.7	124008	124008	173187	175657	390682	390682	
14317.7	18946.7	44649.5	47815.5	13941	47006.3	97806.7	115869	50200.7	60455.7	124008	124008	175126	175657	390682	390682	
14359.7	18946.7	45093.5	47815.5	13950	47006.3	98981.7	115869	50882.7	60455.7	124008	124008	177614	177614	390682	390682	
14568.7	18946.7	45388.5	47815.5	14041	47006.3	99711.7	115869	51037.7	60455.7	124008	124008	178053	178053	390682	390682	
15155.7	18946.7	0	47815.5	14048	47006.3	100442	115869	52065.7	60455.7	124008	124008	180267	180267	390682	390682	
15317.7	18946.7	0	47815.5	14133	47006.3	101662	115869	52860.7	60455.7	124008	124008	181276	181276	390682	390682	
15318.7	18946.7	74	47815.5	14206	47006.3	102260	115869	52935.7	60455.7	124008	124008	181296	181296	390682	390682	
15554.7	18946.7	27979.5	47815.5	0	47006.3	103520	115869	53336.7	60455.7	124008	124008	0	181296	390682	390682	
15941.7	18946.7	30429.5	47815.5	0	47006.3	104334	115869	53340.7	60455.7	124008	124008	0	181296	390682	390682	
16066.7	18946.7	31797.5	47815.5	27	47006.3	105614	115869	53752.7	60455.7	124008	124008	1743	181296	390682	390682	
16428.7	18946.7	32523.5	47815.5	29	47006.3	107158	115869	54068.7	60455.7	124008	124008	1820	181296	390682	390682	
16506.7	18946.7	33171.5	47815.5	35478.3	47006.3	108147	115869	54363.7	60455.7	124008	124008	2389	181296	390682	390682	
16687.7	18946.7	33416.5	47815.5	36540.3	47006.3	109003	115869	54700.7	60455.7	124008	124008	3083	181296	390682	390682	
16737.7	18946.7	33737.5	47815.5	37464.3	47006.3	109817	115869	54799.7	60455.7	124008	124008	3721	181296	390682	390682	
17188.7	18946.7	33960.5	47815.5	38083.3	47006.3	110753	115869	55086.7	60455.7	124008	124008	3927	181296	390682	390682	
17270.7	18946.7	34419.5	47815.5	38854.3	47006.3	112254	115869	55250.7	60455.7	124008	124008	4161	181296	390682	390682	
17305.7	18946.7	34656.5	47815.5	39372.3	47006.3	113244	115869	55276.7	60455.7	124008	124008	5980	181296	390682	390682	
17309.7	18946.7	35154.5	47815.5	39560.3	47006.3	114265	115869	55822.7	60455.7	124008	124008	6621	181296	390682	390682	
17360.7	18946.7	35606.5	47815.5	39641.3	47006.3	115298	115869	56268.7	60455.7	124008	124008	8403	181296	390682	390682	
17452.7	18946.7	36071.5	47815.5	40691.3	47006.3	116524	116524	56949.7	60455.7	124008	124008	9865	181296	390682	390682	
17474.7	18946.7	36476.5	47815.5	41498.3	47006.3	117761	117761	56978.7	60455.7	124008	124008	9904	181296	390682	390682	
17751.7	18946.7	36776.5	47815.5	42570.3	47006.3	119058	119058	57011.7	60455.7	124008	124008	10063	181296	390682	390682	
17946.7	18946.7	37036.5	47815.5	43763.3	47006.3	119623	119623	57057.7	60455.7	124008	124008	10307	181296	390682	390682	
18337.7	18946.7	37581.5	47815.5	43783.3	47006.3	120744	120744	57579.7	60455.7	124008	124008	12044	181296	390682	390682	
18501.7	18946.7	37635.5	47815.5	44945.3	47006.3	121578	121578	57707.7	60455.7	124008	124008	12163	181296	390682	390682	
18786.7	18946.7	37888.5	47815.5	0	47006.3	122774	122774	57713.7	60455.7	124008	124008	14156	181296	390682	390682	
18946.7	18946.7	38467.5	47815.5	0	47006.3	125094	125094	57751.7	60455.7	124008	124008	14980	181296	390682	390682	
19481.7	19481.7	38913.5	47815.5	41	47006.3	126312	126312	57912.7	60455.7	124008	124008	17132	181296	390682	390682	
19569.7	19569.7	0	47815.5	50	47006.3	127590	127590	58054.7	60455.7	124008	124008	17235	181296	390682	390682	
0	19569.7	0	47815.5	90	47006.3	128302	128302	58697.7	60455.7	124008	124008	18967	181296	390682	390682	
0	19569.7	21709.5	47815.5	93	47006.3	128614	128614	58721.7	60455.7	124008	124008	19348	181296	390682	390682	
49	19569.7	24534.5	47815.5	131	47006.3	129709	129709	58767.7	60455.7	124008	124008	21368	181296	390682	390682	
87	19569.7	26881.5	47815.5	177	47006.3	130622	130622	0	60455.7	124008	124008	23132	181296	390682	390682	
12699.7	19569.7	29717.5	47815.5	33937.3	47006.3	131902	131902	0	60455.7	124008	124008	24838	181296	390682	390682	
13100.7	19569.7	31093.5	47815.5	34143.3	47006.3	132967	132967	45106.7	60455.7	124008	124008	27346	181296	390682	390682	
13279.7	19569.7	32474.5	47815.5	35073.3	47006.3	134068	134068	45685.7	60455.7	124008	124008	29077	181296	390682	390682	
13730.7	19569.7	32775.5	47815.5	35106.3	47006.3	134967	134967	45889.7	60455.7	124008	124008	29214	181296	390682	390682	
13846.7	19569.7	33129.5	47815.5	35457.3	47006.3	134967	134967	46193.7	60455.7	124008	124008	31447	181296	390682	390682	
13922.7	19569.7	33723.5	47815.5	35602.3	47006.3	134967	134967	46616.7	60455.7	124008	124008	31704	181296	390682	390682	
14265.7	19569.7	34064.5	47815.5	36709.3	47006.3	134967	134967	47281.7	60455.7	124008	124008	33252	181296	390682	390682	
14363.7	19569.7	34628.5	47815.5	37574.3	47006.3	134967	134967	47634.7	60455.7	124008	124008	35388	181296	390682	390682	
14503.7	19569.7	34768.5	47815.5	37770.3	47006.3	134967	134967	48291.7	60455.7	124008	124008	35698	181296	390682	390682	
14616.7	19569.7	35096.5	47815.5	38972.3	47006.3	134967	134967	48638.7	60455.7	124008	124008	36320	181296	390682	390682	
15051.7	19569.7	35284.5	47815.5	39805.3	47006.3	134967	134967	48794.7	60455.7	124008	124008	36340	181296	390682	390682	
15225.7	19569.7	35738.5	47815.5	40004.3	47006.3	134967	134967	49083.7	60455.7	124008	124008	38205	181296	390682	390682	
15368.7	19569.7	35929.5	47815.5	40860.3	47006.3	134967	134967	49153.7	60455.7	124008	124008	41135	181296	390682	390682	
15567.7	19569.7	36225.5	47815.5	42001.3	47006.3	134967	134967	49229.7	60455.7	124008	124008	41394	181296	390682	390682	
15947.7	19569.7	36812.5	47815.5	42210.3	47006.3	134967	134967	49255.7	60455.7	124008	124008	43060	181296	390682	390682	
16502.7	19569.7	37188.5	47815.5	43176.3	47006.3	134967	134967	49789.7	60455.7	124008	124008	43821	181296	390682	390682	
16597.7	19569.7	37800.5	47815.5	44045.3	47006.3	134967	134967	50008.7	60455.7	124008	124008	45986	181296	390682	390682	
16756.7	19569.7	38085.5	47815.5	45506.3	47006.3	134967	134967	51012.7	60455.7	124008	124008	46212	181296	390682	390682	
16873.7	19569.7	38736.5	47815.5	46225.3	47006.3	134967	134967	51705.7	60455.7	124008	124008	48455	181296	390682	390682	
16960.7	19569.7	39239.5	47815.5	46225.3	47006.3	134967	134967	52094.7	60455.7	124008	124008	50663	181296	390682	390682	
16985.7	19569.7	39759.5	47815.5	46225.3	47006.3	134967	134967	52278.7	60455.7	124008	124008	0	181296	390682	390682	
17380.7	19569.7	40257.5	47815.5	46225.3	47006.3	134967	134967	52613.7	60455.7	124008	124008	0	181296	390682	390682	
17505.7	19569.7	40620.5	47815.5	46225.3	47006.3	134967	134967	52964.7	60455.7	124008	124008	4	181296	390682	390682	
17576.7	19569.7	41271.5	47815.5	46225.3	47006.3	134967	134967	53889.7	60455.7	124008	124008	146583	181296	390682	390682	
17638.7	19569.7	41824.5	47815.5	46225.3	47006.3	134967	134967	53894.7	60455.7	124008	124008	146598	181296	390682	390682	
17976.7	19569.7	42186.5	47815.5	46225.3	47006.3	134967	134967	53955.7	60455.7	124008	124008	146923	181296	390682	390682	
18328.7	19569.7	42613.5	47815.5	46225.3	47006.3	134967	134967	53979.7	60455.7	124008	124008	147360	181296	390682	390682	
18974.7	19569.7	43202.5	47815.5	46225.3	47006.3	134967	134967	54421.7	60455.7	124008	124008	147896	181296	390682	390682	
19318.7	19569.7	43327.5	47815.5	46225.3	47006.3	134967	134967	54513.7	60455.7	124008	124008	148282	181296	390682	390682	
19414.7	19569.7	43690.5	47815.5	46225.3	47006.3	134967	134967	54964.7	60455.7	124008	124008	149907	181296	390682	390682	
19500.7	19569.7	44101.5	47815.5	46225.3	47006.3	134967	134967	55606.7	60455.7	124008	124008	150012	181296	390682	390682	
19500.7	19569.7	44756.5	47815.5	46225.3	47006.3	134967	134967	56086.7	60455.7	124008	124008	150773	181296	390682	390682	
19500.7	19569.7	45110.5	47815.5	46225.3	47006.3	134967	134967	56567.7	60455.7	124008	124008	152573	181296	390682	390682	
19500.7	19569.7	45444.5	47815.5	46225.3	47006.3	134967	134967	56597.7	60455.7	124008	124008	152707	181296	390682	390682	
19500.7	19569.7	45444.5	47815.5	46225.3	47006.3	134967	134967	57110.7	60455.7	124008	124008	154293	181296	390682	390682	
19500.7	19569.7	45444.5	47815.5	46225.3	47006.3	134967	134967	57355.7	60455.7	124008	124008	154502	181296	390682	390682	
19500.7	19569.7	45444.5	47815.5	46225.3	47006.3	134967	134967	57894.7	60455.7	124008	124008	157105	181296	390682	390682	
19500.7	19569.7	45444.5	47815.5	46225.3	47006.3	134967	134967	58422.7	60455.7	124008	124008	159180	181296	390682	390682	
19500.7	19569.7	45444.5	47815.5	46225.3	47006.3	134967	134967	0	60455.7	124008	124008	161146	181296	390682	390682	
19500.7	19569.7	45444.5	47815.5	46225.3	47006.3	134967	134967	0	60455.7	124008	124008	162980	181296	390682	390682	
19500.7	19569.7	45444.5	47815.5	46225.3	47006.3	134967	134967	39	60455.7	124008	124008	164726	181296	390682	390682	
19500.7	19569.7	45444.5	47815.5	46225.3	47006.3	134967	134967	85	60455.7	124008	124008	164953	181296	390682	390682	
19500.7	19569.7	45444.5	47815.5	46225.3	47006.3	134967	134967	125	60455.7	124008	124008	167220	181296	390682	390682	
19500.7	19569.7	45444.5	47815.5	46225.3	47006.3	134967	134967	129	60455.7	124008	124008	168987	181296	390682	390682	
19500.7	19569.7	45444.5	47815.5	46225.3	47006.3	134967	134967	163	60455.7	124008	124008	171227	181296	390682	390682	
19500.7	19569.7	45444.5	47815.5	46225.3	47006.3	134967	134967	167	60455.7	124008	124008	171492	181296	390682	390682	
19500.7	19569.7	45444.5	47815.5	46225.3	47006.3	134967	134967	186	60455.7	124008	124008	171578	181296	390682	390682	
19500.7	19569.7	45444.5	47815.5	46225.3	47006.3	134967	134967	198	60455.7	124008	124008	171621	181296	390682	390682	
19500.7	19569.7	45444.5	47815.5	46225.3	47006.3	134967	134967	215	60455.7	124008	124008	171673	181296	390682	390682	
19500.7	19569.7	45444.5	47815.5	46225.3	47006.3	134967	134967	46220.7	60455.7	124008	124008	173777	181296	390682	390682	
19500.7	19569.7	45444.5	47815.5	46225.3	47006.3	134967	134967	46889.7	60455.7	124008	124008	0	181296	390682	390682	
19500.7	19569.7	45444.5	47815.5	46225.3	47006.3	134967	134967	47411.7	60455.7	124008	124008	0	181296	390682	390682	
19500.7	19569.7	45444.5	47815.5	46225.3	47006.3	134967	134967	48259.7	60455.7	124008	124008	1808	181296	390682	390682	
19500.7	19569.7	45444.5	47815.5	46225.3	47006.3	134967	134967	48276.7	60455.7	124008	124008	1842	181296	390682	390682	
19500.7	19569.7	45444.5	47815.5	46225.3	47006.3	134967	134967	48329.7	60455.7	124008	124008	1856	181296	390682	390682	
19500.7	19569.7	45444.5	47815.5	46225.3	47006.3	134967	134967	48440.7	60455.7	124008	124008	2171	181296	390682	390682	
19500.7	19569.7	45444.5	47815.5	46225.3	47006.3	134967	134967	49125.7	60455.7	124008	124008	2671	181296	390682	390682	
19500.7	19569.7	45444.5	47815.5	46225.3	47006.3	134967	134967	49483.7	60455.7	124008	124008	2699	181296	390682	390682	
19500.7	19569.7	45444.5	47815.5	46225.3	47006.3	134967	134967	49565.7	60455.7	124008	124008	4349	181296	390682	390682	
19500.7	19569.7	45444.5	47815.5	46225.3	47006.3	134967	134967	49587.7	60455.7	124008	124008	6551	181296	390682	390682	
19500.7	19569.7	45444.5	47815.5	46225.3	47006.3	134967	134967	49694.7	60455.7	124008	124008	8108	181296	390682	390682	
19500.7	19569.7	45444.5	47815.5	46225.3	47006.3	134967	134967	49964.7	60455.7	124008	124008	9695	181296	390682	390682	
19500.7	19569.7	45444.5	47815.5	46225.3	47006.3	134967	134967	49983.7	60455.7	124008	124008	11835	181296	390682	390682	
19500.7	19569.7	45444.5	47815.5	46225.3	47006.3	134967	134967	50077.7	60455.7	124008	124008	11977	181296	390682	390682	
19500.7	19569.7	45444.5	47815.5	46225.3	47006.3	134967	134967	50449.7	60455.7	124008	124008	13798	181296	390682	390682	
19500.7	19569.7	45444.5	47815.5	46225.3	47006.3	134967	134967	50552.7	60455.7	124008	124008	14048	181296	390682	390682	
19500.7	19569.7	45444.5	47815.5	46225.3	47006.3	134967	134967	50752.7	60455.7	124008	124008	15999	181296	390682	390682	
19500.7	19569.7	45444.5	47815.5	46225.3	47006.3	134967	134967	51404.7	60455.7	124008	124008	18180	181296	390682	390682	
19500.7	19569.7	45444.5	47815.5	46225.3	47006.3	134967	134967	52292.7	60455.7	124008	124008	20205	181296	390682	390682	
19500.7	19569.7	45444.5	47815.5	46225.3	47006.3	134967	134967	52573.7	60455.7	124008	124008	20248	181296	390682	390682	
19500.7	19569.7	45444.5	47815.5	46225.3	47006.3	134967	134967	52773.7	60455.7	124008	124008	22201	181296	390682	390682	
19500.7	19569.7	45444.5	47815.5	46225.3	47006.3	134967	134967	52885.7	60455.7	124008	124008	24292	181296	390682	390682	
19500.7	19569.7	45444.5	47815.5	46225.3	47006.3	134967	134967	53510.7	60455.7	124008	124008	24663	181296	390682	390682	
19500.7	19569.7	45444.5	47815.5	46225.3	47006.3	134967	134967	54018.7	60455.7	124008	124008	24715	181296	390682	390682	
19500.7	19569.7	45444.5	47815.5	46225.3	47006.3	134967	134967	54409.7	60455.7	124008	124008	25180	181296	390682	390682	
19500.7	19569.7	45444.5	47815.5	46225.3	47006.3	134967	134967	54686.7	60455.7	124008	124008	25226	181296	390682	390682	
19500.7	19569.7	45444.5	47815.5	46225.3	47006.3	134967	134967	55216.7	60455.7	124008	124008	27235	181296	390682	390682	
19500.7	19569.7	45444.5	47815.5	46225.3	47006.3	134967	134967	55602.7	60455.7	124008	124008	29230	181296	390682	390682	
19500.7	19569.7	45444.5	47815.5	46225.3	47006.3	134967	134967	56025.7	60455.7	124008	124008	31717	181296	390682	390682	
19500.7	19569.7	45444.5	47815.5	46225.3	47006.3	134967	134967	56762.7	60455.7	124008	124008	33762	181296	390682	390682	
19500.7	19569.7	45444.5	47815.5	46225.3	47006.3	134967	134967	57286.7	60455.7	124008	124008	34249	181296	390682	390682	
19500.7	19569.7	45444.5	47815.5	46225.3	47006.3	134967	134967	57589.7	60455.7	124008	124008	34328	181296	390682	390682	
19500.7	19569.7	45444.5	47815.5	46225.3	47006.3	134967	134967	57978.7	60455.7	124008	124008	34512	181296	390682	390682	
19500.7	19569.7	45444.5	47815.5	46225.3	47006.3	134967	134967	58706.7	60455.7	124008	124008	34951	181296	390682	390682	
19500.7	19569.7	45444.5	47815.5	46225.3	47006.3	134967	134967	58759.7	60455.7	124008	124008	35199	181296	390682	390682	
19500.7	19569.7	45444.5	47815.5	46225.3	47006.3	134967	134967	59377.7	60455.7	124008	124008	35559	181296	390682	390682	
19500.7	19569.7	45444.5	47815.5	46225.3	47006.3	134967	134967	59422.7	60455.7	124008	124008	37643	181296	390682	390682	
19500.7	19569.7	45444.5	47815.5	46225.3	47006.3	134967	134967	59422.7	60455.7	124008	124008	39615	181296	390682	390682	
19500.7	19569.7	45444.5	47815.5	46225.3	47006.3	134967	134967	59422.7	60455.7	124008	124008	41520	181296	390682	390682	
19500.7	19569.7	45444.5	47815.5	46225.3	47006.3	134967	134967	59422.7	60455.7	124008	124008	41520	181296	390682	390682	
