932 932
924 932
924 932
925 932
927 932
928 932
929 932
930 932
935 935
936 936
937 937
939 939
940 940
941 941
943 943
944 944
945 945
947 947
949 949
950 950
952 952
953 953
954 954
956 956
959 959
961 961
962 962
965 965
966 966
967 967
968 968
970 970
972 972
975 975
976 976
977 977
978 978
981 981
982 982
983 983
984 984
985 985
987 987
990 990
994 994
996 996
997 997
998 998
1000 1000
1001 1001
1002 1002
1003 1003
1004 1004
1006 1006
1007 1007
1008 1008
1009 1009
1010 1010
1011 1011
1012 1012
1014 1014
1015 1015
1017 1017
1019 1019
1020 1020
1021 1021
1022 1022
1024 1024
1025 1025
1026 1026
1028 1028
1030 1030
1031 1031
1032 1032
1033 1033
1034 1034
1035 1035
1036 1036
938 1036
938 1036
940 1036
942 1036
943 1036
946 1036
947 1036
948 1036
950 1036
952 1036
953 1036
954 1036
955 1036
956 1036
959 1036
960 1036
961 1036
963 1036
965 1036
966 1036
967 1036
968 1036
969 1036
970 1036
971 1036
973 1036
977 1036
978 1036
979 1036
980 1036
982 1036
983 1036
985 1036
986 1036
987 1036
988 1036
989 1036
990 1036
991 1036
993 1036
994 1036
995 1036
997 1036
998 1036
1000 1036
1002 1036
1004 1036
1005 1036
1006 1036
1007 1036
1010 1036
1011 1036
1012 1036
1013 1036
1014 1036
1015 1036
1016 1036
1017 1036
1018 1036
1019 1036
1020 1036
1021 1036
1023 1036
1024 1036
1025 1036
1026 1036
1027 1036
1028 1036
1029 1036
1030 1036
1031 1036
1032 1036
1033 1036
1034 1036
1035 1036
954 1036
954 1036
955 1036
956 1036
957 1036
958 1036
959 1036
961 1036
963 1036
964 1036
965 1036
967 1036
969 1036
972 1036
973 1036
975 1036
976 1036
977 1036
979 1036
981 1036
982 1036
983 1036
985 1036
986 1036
987 1036
988 1036
991 1036
993 1036
994 1036
997 1036
998 1036
1000 1036
1002 1036
1003 1036
1005 1036
1006 1036
1007 1036
1009 1036
1010 1036
1011 1036
1012 1036
1013 1036
1014 1036
1015 1036
1016 1036
1018 1036
1020 1036
1022 1036
1023 1036
1024 1036
1025 1036
1026 1036
1028 1036
1029 1036
1030 1036
1031 1036
1032 1036
1033 1036
1034 1036
1035 1036
1036 1036
938 1036
938 1036
940 1036
941 1036
942 1036
943 1036
944 1036
945 1036
946 1036
947 1036
949 1036
950 1036
951 1036
954 1036
957 1036
958 1036
959 1036
960 1036
961 1036
962 1036
964 1036
965 1036
966 1036
967 1036
969 1036
970 1036
972 1036
975 1036
976 1036
979 1036
981 1036
982 1036
983 1036
984 1036
985 1036
987 1036
988 1036
989 1036
991 1036
992 1036
993 1036
994 1036
995 1036
996 1036
997 1036
1000 1036
1001 1036
1004 1036
1005 1036
1006 1036
1007 1036
1008 1036
1009 1036
1011 1036
1012 1036
1014 1036
1015 1036
1016 1036
1017 1036
1018 1036
1019 1036
1020 1036
1022 1036
1023 1036
1024 1036
1025 1036
1026 1036
1027 1036
1029 1036
1030 1036
1031 1036
1032 1036
1033 1036
1034 1036
1035 1036
1036 1036
1037 1037
1038 1038
1039 1039
1040 1040
1041 1041
936 1041
936 1041
938 1041
939 1041
940 1041
941 1041
942 1041
945 1041
946 1041
949 1041
951 1041
952 1041
955 1041
956 1041
957 1041
958 1041
959 1041
960 1041
961 1041
964 1041
966 1041
967 1041
968 1041
969 1041
971 1041
973 1041
977 1041
980 1041
981 1041
982 1041
983 1041
984 1041
985 1041
986 1041
987 1041
988 1041
989 1041
990 1041
991 1041
992 1041
993 1041
994 1041
997 1041
998 1041
999 1041
1002 1041
1003 1041
1004 1041
1005 1041
1006 1041
1008 1041
1009 1041
1010 1041
1012 1041
1013 1041
1014 1041
1016 1041
1017 1041
1018 1041
1020 1041
1021 1041
1022 1041
1023 1041
1024 1041
1025 1041
1027 1041
1028 1041
1030 1041
1031 1041
1032 1041
1033 1041
