921 921
930 930
934 934
937 937
940 940
943 943
946 946
949 949
952 952
955 955
958 958
961 961
964 964
967 967
970 970
973 973
975 975
977 977
979 979
981 981
983 983
985 985
987 987
989 989
991 991
993 993
995 995
997 997
999 999
1001 1001
1003 1003
1005 1005
1007 1007
1008 1008
1009 1009
1010 1010
1012 1012
1013 1013
1015 1015
1016 1016
1017 1017
1019 1019
1020 1020
1021 1021
1022 1022
1023 1023
1024 1024
1025 1025
1027 1027
1028 1028
1029 1029
1030 1030
1031 1031
1032 1032
1033 1033
1034 1034
1035 1035
1036 1036
1037 1037
1038 1038
1038 1038
1038 1038
1038 1038
930 1038
934 1038
937 1038
940 1038
943 1038
946 1038
949 1038
952 1038
955 1038
958 1038
961 1038
964 1038
967 1038
970 1038
973 1038
975 1038
977 1038
979 1038
981 1038
983 1038
985 1038
987 1038
989 1038
991 1038
993 1038
995 1038
997 1038
999 1038
1001 1038
1003 1038
1005 1038
1007 1038
1008 1038
1009 1038
1010 1038
1012 1038
1013 1038
1015 1038
1016 1038
1017 1038
1019 1038
1020 1038
1021 1038
1022 1038
1023 1038
1024 1038
1025 1038
1027 1038
1028 1038
1029 1038
1030 1038
1031 1038
1032 1038
1033 1038
1034 1038
1035 1038
1036 1038
1037 1038
1038 1038
1038 1038
1038 1038
1038 1038
930 1038
934 1038
937 1038
940 1038
943 1038
946 1038
949 1038
952 1038
955 1038
958 1038
961 1038
964 1038
967 1038
970 1038
973 1038
975 1038
977 1038
979 1038
981 1038
983 1038
985 1038
987 1038
989 1038
991 1038
993 1038
995 1038
997 1038
999 1038
1001 1038
1003 1038
1005 1038
1007 1038
1008 1038
1009 1038
1010 1038
1012 1038
1013 1038
1015 1038
1016 1038
1017 1038
1019 1038
1020 1038
1021 1038
1022 1038
1023 1038
1024 1038
1025 1038
1027 1038
1028 1038
1029 1038
1030 1038
1031 1038
1032 1038
1033 1038
1034 1038
1035 1038
1036 1038
1037 1038
1038 1038
1038 1038
1038 1038
1038 1038
930 1038
934 1038
937 1038
940 1038
943 1038
946 1038
949 1038
952 1038
955 1038
958 1038
961 1038
964 1038
967 1038
970 1038
973 1038
975 1038
977 1038
979 1038
981 1038
983 1038
985 1038
987 1038
989 1038
991 1038
993 1038
995 1038
997 1038
999 1038
1001 1038
1003 1038
1005 1038
1007 1038
1008 1038
1009 1038
1010 1038
1012 1038
1013 1038
1015 1038
1016 1038
1017 1038
1019 1038
1020 1038
1021 1038
1022 1038
1023 1038
1024 1038
1025 1038
1027 1038
1028 1038
1029 1038
1030 1038
1031 1038
1032 1038
1033 1038
1034 1038
1035 1038
1036 1038
1037 1038
1038 1038
1038 1038
1038 1038
1038 1038
930 1038
934 1038
937 1038
940 1038
943 1038
946 1038
949 1038
952 1038
955 1038
958 1038
961 1038
964 1038
967 1038
970 1038
973 1038
975 1038
977 1038
979 1038
981 1038
983 1038
985 1038
987 1038
989 1038
991 1038
993 1038
995 1038
997 1038
999 1038
1001 1038
1003 1038
1005 1038
1007 1038
1008 1038
1009 1038
1010 1038
1012 1038
1013 1038
1015 1038
1016 1038
1017 1038
1019 1038
1020 1038
1021 1038
1022 1038
1023 1038
1024 1038
1025 1038
1027 1038
1028 1038
1029 1038
1030 1038
1031 1038
1032 1038
1033 1038
1034 1038
1035 1038
1036 1038
1037 1038
1038 1038
1038 1038
1038 1038
1038 1038
930 1038
934 1038
937 1038
940 1038
943 1038
946 1038
949 1038
952 1038
955 1038
958 1038
961 1038
964 1038
967 1038
970 1038
973 1038
975 1038
977 1038
979 1038
981 1038
983 1038
985 1038
987 1038
989 1038
991 1038
993 1038
995 1038
997 1038
999 1038
1001 1038
1003 1038
1005 1038
1007 1038
1008 1038
1009 1038
1010 1038
1012 1038
1013 1038
1015 1038
1016 1038
1017 1038
1019 1038
1020 1038
1021 1038
1022 1038
1023 1038
1024 1038
1025 1038
1027 1038
1028 1038
1029 1038
1030 1038
1031 1038
1032 1038
1033 1038
1034 1038
1035 1038
1036 1038
1037 1038
1038 1038
1038 1038
1038 1038
1038 1038
930 1038
934 1038
937 1038
940 1038
943 1038
946 1038
949 1038
952 1038
955 1038
958 1038
961 1038
964 1038
967 1038
970 1038
973 1038
975 1038
977 1038
979 1038
981 1038
983 1038
985 1038
987 1038
989 1038
991 1038
993 1038
995 1038
997 1038
999 1038
1001 1038
1003 1038
1005 1038
1007 1038
1008 1038
1009 1038
1010 1038
1012 1038
1013 1038
1015 1038
1016 1038
1017 1038
1019 1038
1020 1038
1021 1038
1022 1038
1023 1038
1024 1038
1025 1038
1027 1038
1028 1038
1029 1038
1030 1038
1031 1038
1032 1038
1033 1038
1034 1038
1035 1038
1036 1038
1037 1038
1038 1038
1038 1038
1038 1038
1038 1038
930 1038
934 1038
937 1038
940 1038
943 1038
946 1038
949 1038
952 1038
955 1038
958 1038
961 1038
964 1038
967 1038
970 1038
973 1038
975 1038
977 1038
979 1038
981 1038
983 1038
985 1038
987 1038
989 1038
991 1038
993 1038
995 1038
997 1038
999 1038
1001 1038
1003 1038
1005 1038
1007 1038
1008 1038
1009 1038
1010 1038
1012 1038
1013 1038
1015 1038
1016 1038
1017 1038
1019 1038
1020 1038
1021 1038
1022 1038
1023 1038
1024 1038
1025 1038
1027 1038
1028 1038
1029 1038
1030 1038
1031 1038
1032 1038
1033 1038
1034 1038
1035 1038
1036 1038
1037 1038
1038 1038
1038 1038
1038 1038
1038 1038
930 1038
934 1038
937 1038
940 1038
943 1038
946 1038
949 1038
952 1038
955 1038
958 1038
961 1038
964 1038
967 1038
970 1038
973 1038
975 1038
977 1038
979 1038
981 1038
983 1038
985 1038
987 1038
989 1038
991 1038
993 1038
995 1038
997 1038
999 1038
1001 1038
1003 1038
1005 1038
1007 1038
1008 1038
1009 1038
1010 1038
1012 1038
1013 1038
1015 1038
1016 1038
1017 1038
1019 1038
1020 1038
1021 1038
1022 1038
1023 1038
1024 1038
1025 1038
1027 1038
1028 1038
1029 1038
1030 1038
1031 1038
1032 1038
1033 1038
1034 1038
1035 1038
1036 1038
1037 1038
1038 1038
1038 1038
1038 1038
1038 1038
930 1038
934 1038
937 1038
940 1038
943 1038
946 1038
949 1038
952 1038
955 1038
958 1038
961 1038
964 1038
967 1038
970 1038
973 1038
975 1038
977 1038
979 1038
981 1038
983 1038
985 1038
987 1038
989 1038
991 1038
993 1038
995 1038
997 1038
999 1038
1001 1038
1003 1038
1005 1038
1007 1038
1008 1038
1009 1038
1010 1038
1012 1038
1013 1038
1015 1038
1016 1038
1017 1038
1019 1038
1020 1038
1021 1038
1022 1038
1023 1038
1024 1038
1025 1038
1027 1038
1028 1038
1029 1038
1030 1038
1031 1038
1032 1038
1033 1038
1034 1038
1035 1038
1036 1038
1037 1038
1038 1038
1038 1038
1038 1038
1038 1038
930 1038
934 1038
937 1038
940 1038
943 1038
946 1038
949 1038
952 1038
955 1038
958 1038
961 1038
964 1038
967 1038
970 1038
973 1038
975 1038
977 1038
979 1038
981 1038
983 1038
985 1038
987 1038
989 1038
991 1038
993 1038
995 1038
997 1038
999 1038
1001 1038
1003 1038
1005 1038
1007 1038
1008 1038
1009 1038
1010 1038
1012 1038
1013 1038
1015 1038
1016 1038
1017 1038
1019 1038
1020 1038
1021 1038
1022 1038
1023 1038
1024 1038
1025 1038
1027 1038
1028 1038
1029 1038
1030 1038
1031 1038
1032 1038
1033 1038
1034 1038
1035 1038
1036 1038
1037 1038
1038 1038
1038 1038
1038 1038
1038 1038
930 1038
934 1038
937 1038
940 1038
943 1038
946 1038
949 1038
952 1038
955 1038
958 1038
961 1038
964 1038
967 1038
970 1038
973 1038
975 1038
977 1038
979 1038
981 1038
983 1038
985 1038
987 1038
989 1038
991 1038
993 1038
995 1038
997 1038
999 1038
1001 1038
1003 1038
1005 1038
1007 1038
1008 1038
1009 1038
1010 1038
1012 1038
1013 1038
1015 1038
1016 1038
1017 1038
1019 1038
1020 1038
1021 1038
1022 1038
1023 1038
1024 1038
1025 1038
1027 1038
1028 1038
1029 1038
1030 1038
1031 1038
1032 1038
1033 1038
1034 1038
1035 1038
1036 1038
1037 1038
1038 1038
1038 1038
1038 1038
1038 1038
930 1038
934 1038
937 1038
940 1038
943 1038
946 1038
949 1038
952 1038
955 1038
958 1038
961 1038
964 1038
967 1038
970 1038
973 1038
975 1038
977 1038
979 1038
981 1038
983 1038
985 1038
987 1038
989 1038
991 1038
993 1038
995 1038
997 1038
999 1038
1001 1038
1003 1038
1005 1038
1007 1038
1008 1038
1009 1038
1010 1038
1012 1038
1013 1038
1015 1038
1016 1038
1017 1038
1019 1038
1020 1038
1021 1038
1022 1038
1023 1038
1024 1038
1025 1038
1027 1038
1028 1038
1029 1038
1030 1038
1031 1038
1032 1038
1033 1038
1034 1038
1035 1038
1036 1038
1037 1038
1038 1038
1038 1038
1038 1038
1038 1038
930 1038
934 1038
937 1038
940 1038
943 1038
946 1038
949 1038
952 1038
955 1038
958 1038
961 1038
964 1038
967 1038
970 1038
973 1038
975 1038
977 1038
979 1038
981 1038
983 1038
985 1038
987 1038
989 1038
991 1038
993 1038
995 1038
997 1038
999 1038
1001 1038
1003 1038
1005 1038
1007 1038
1008 1038
1009 1038
1010 1038
1012 1038
1013 1038
1015 1038
1016 1038
1017 1038
1019 1038
1020 1038
1021 1038
1022 1038
1023 1038
1024 1038
1025 1038
1027 1038
1028 1038
1029 1038
1030 1038
1031 1038
1032 1038
1033 1038
1034 1038
1035 1038
1036 1038
1037 1038
1038 1038
1038 1038
1038 1038
1038 1038
930 1038
934 1038
937 1038
940 1038
943 1038
946 1038
949 1038
952 1038
955 1038
958 1038
961 1038
964 1038
967 1038
970 1038
973 1038
975 1038
977 1038
979 1038
981 1038
983 1038
985 1038
987 1038
989 1038
991 1038
993 1038
995 1038
997 1038
999 1038
1001 1038
1003 1038
1005 1038
1007 1038
1008 1038
1009 1038
1010 1038
1012 1038
1013 1038
1015 1038
1016 1038
1017 1038
1019 1038
1020 1038
1021 1038
1022 1038
1023 1038
1024 1038
1025 1038
1027 1038
1028 1038
1029 1038
1030 1038
1031 1038
1032 1038
1033 1038
1034 1038
1035 1038
1036 1038
1037 1038
1038 1038
1038 1038
1038 1038
1038 1038
930 1038
934 1038
937 1038
940 1038
943 1038
946 1038
949 1038
952 1038
955 1038
958 1038
961 1038
964 1038
967 1038
970 1038
973 1038
975 1038
977 1038
979 1038
981 1038
983 1038
985 1038
987 1038
989 1038
991 1038
993 1038
995 1038
997 1038
999 1038
1001 1038
1003 1038
1005 1038
1007 1038
1008 1038
1009 1038
1010 1038
1012 1038
1013 1038
1015 1038
1016 1038
1017 1038
1019 1038
1020 1038
1021 1038
1022 1038
1023 1038
1024 1038
1025 1038
1027 1038
1028 1038
1029 1038
1030 1038
1031 1038
1032 1038
1033 1038
1034 1038
1035 1038
1036 1038
1037 1038
1038 1038
1038 1038
1038 1038
1038 1038
930 1038
934 1038
937 1038
940 1038
943 1038
946 1038
949 1038
952 1038
955 1038
958 1038
961 1038
964 1038
967 1038
970 1038
973 1038
975 1038
977 1038
979 1038
981 1038
983 1038
985 1038
987 1038
989 1038
991 1038
993 1038
995 1038
997 1038
999 1038
1001 1038
1003 1038
1005 1038
1007 1038
1008 1038
1009 1038
1010 1038
1012 1038
1013 1038
1015 1038
1016 1038
1017 1038
1019 1038
1020 1038
1021 1038
1022 1038
1023 1038
1024 1038
1025 1038
1027 1038
1028 1038
1029 1038
1030 1038
1031 1038
1032 1038
1033 1038
1034 1038
1035 1038
1036 1038
1037 1038
1038 1038
1038 1038
1038 1038
1038 1038
930 1038
934 1038
937 1038
940 1038
943 1038
946 1038
949 1038
952 1038
955 1038
958 1038
961 1038
964 1038
967 1038
970 1038
973 1038
975 1038
977 1038
979 1038
981 1038
983 1038
985 1038
987 1038
989 1038
991 1038
993 1038
995 1038
997 1038
999 1038
1001 1038
1003 1038
1005 1038
1007 1038
1008 1038
1009 1038
1010 1038
1012 1038
1013 1038
1015 1038
1016 1038
1017 1038
1019 1038
1020 1038
1021 1038
1022 1038
1023 1038
1024 1038
1025 1038
1027 1038
1028 1038
1029 1038
1030 1038
1031 1038
1032 1038
1033 1038
1034 1038
1035 1038
1036 1038
1037 1038
1038 1038
1038 1038
1038 1038
1038 1038
930 1038
934 1038
937 1038
940 1038
943 1038
946 1038
949 1038
952 1038
955 1038
958 1038
961 1038
964 1038
967 1038
970 1038
973 1038
975 1038
977 1038
979 1038
981 1038
983 1038
985 1038
987 1038
989 1038
991 1038
993 1038
995 1038
997 1038
999 1038
1001 1038
1003 1038
1005 1038
1007 1038
1008 1038
1009 1038
1010 1038
1012 1038
1013 1038
1015 1038
1016 1038
1017 1038
1019 1038
1020 1038
1021 1038
1022 1038
1023 1038
1024 1038
1025 1038
1027 1038
1028 1038
1029 1038
1030 1038
1031 1038
1032 1038
1033 1038
1034 1038
1035 1038
1036 1038
1037 1038
1038 1038
1038 1038
1038 1038
1038 1038
930 1038
934 1038
937 1038
940 1038
943 1038
946 1038
949 1038
952 1038
955 1038
958 1038
961 1038
964 1038
967 1038
970 1038
973 1038
975 1038
977 1038
979 1038
981 1038
983 1038
985 1038
987 1038
989 1038
991 1038
993 1038
995 1038
997 1038
999 1038
1001 1038
1003 1038
1005 1038
1007 1038
1008 1038
1009 1038
1010 1038
1012 1038
1013 1038
1015 1038
1016 1038
1017 1038
1019 1038
1020 1038
1021 1038
1022 1038
1023 1038
1024 1038
1025 1038
1027 1038
1028 1038
1029 1038
1030 1038
1031 1038
1032 1038
1033 1038
1034 1038
1035 1038
1036 1038
1037 1038
1038 1038
1038 1038
1038 1038
1038 1038
930 1038
934 1038
937 1038
940 1038
943 1038
946 1038
949 1038
952 1038
955 1038
958 1038
961 1038
964 1038
967 1038
970 1038
973 1038
975 1038
977 1038
979 1038
981 1038
983 1038
985 1038
987 1038
989 1038
991 1038
993 1038
995 1038
997 1038
999 1038
1001 1038
1003 1038
1005 1038
1007 1038
1008 1038
1009 1038
1010 1038
1012 1038
1013 1038
1015 1038
1016 1038
1017 1038
1019 1038
1020 1038
1021 1038
1022 1038
1023 1038
1024 1038
1025 1038
1027 1038
1028 1038
1029 1038
1030 1038
1031 1038
1032 1038
1033 1038
1034 1038
1035 1038
1036 1038
1037 1038
1038 1038
1038 1038
1038 1038
1038 1038
930 1038
934 1038
937 1038
940 1038
943 1038
946 1038
949 1038
952 1038
955 1038
958 1038
961 1038
964 1038
967 1038
970 1038
973 1038
975 1038
977 1038
979 1038
981 1038
983 1038
985 1038
987 1038
989 1038
991 1038
993 1038
995 1038
997 1038
999 1038
1001 1038
1003 1038
1005 1038
1007 1038
1008 1038
1009 1038
1010 1038
1012 1038
1013 1038
1015 1038
1016 1038
1017 1038
1019 1038
1020 1038
1021 1038
1022 1038
1023 1038
1024 1038
1025 1038
1027 1038
1028 1038
1029 1038
1030 1038
1031 1038
1032 1038
1033 1038
1034 1038
1035 1038
1036 1038
1037 1038
1038 1038
1038 1038
1038 1038
1038 1038
930 1038
934 1038
937 1038
940 1038
943 1038
946 1038
949 1038
952 1038
955 1038
958 1038
961 1038
964 1038
967 1038
970 1038
973 1038
975 1038
977 1038
979 1038
981 1038
983 1038
985 1038
987 1038
989 1038
991 1038
993 1038
995 1038
997 1038
999 1038
1001 1038
1003 1038
1005 1038
1007 1038
1008 1038
1009 1038
1010 1038
1012 1038
1013 1038
1015 1038
1016 1038
1017 1038
1019 1038
1020 1038
1021 1038
1022 1038
1023 1038
1024 1038
1025 1038
1027 1038
1028 1038
1029 1038
1030 1038
1031 1038
1032 1038
1033 1038
1034 1038
1035 1038
1036 1038
1037 1038
1038 1038
1038 1038
1038 1038
1038 1038
930 1038
934 1038
937 1038
940 1038
943 1038
946 1038
949 1038
952 1038
955 1038
958 1038
961 1038
964 1038
967 1038
970 1038
973 1038
975 1038
977 1038
979 1038
981 1038
983 1038
985 1038
987 1038
989 1038
991 1038
993 1038
995 1038
997 1038
999 1038
1001 1038
1003 1038
1005 1038
1007 1038
1008 1038
1009 1038
1010 1038
1012 1038
1013 1038
1015 1038
1016 1038
1017 1038
1019 1038
1020 1038
1021 1038
1022 1038
1023 1038
1024 1038
1025 1038
1027 1038
1028 1038
1029 1038
1030 1038
1031 1038
1032 1038
1033 1038
1034 1038
1035 1038
1036 1038
1037 1038
1038 1038
1038 1038
1038 1038
1038 1038
930 1038
934 1038
937 1038
940 1038
943 1038
946 1038
949 1038
952 1038
955 1038
958 1038
961 1038
964 1038
967 1038
970 1038
973 1038
975 1038
977 1038
979 1038
981 1038
983 1038
985 1038
987 1038
989 1038
991 1038
993 1038
995 1038
997 1038
999 1038
1001 1038
1003 1038
1005 1038
1007 1038
1008 1038
1009 1038
1010 1038
1012 1038
1013 1038
1015 1038
1016 1038
1017 1038
1019 1038
1020 1038
1021 1038
1022 1038
1023 1038
1024 1038
1025 1038
1027 1038
1028 1038
1029 1038
1030 1038
1031 1038
1032 1038
1033 1038
1034 1038
1035 1038
1036 1038
1037 1038
1038 1038
1038 1038
1038 1038
1038 1038
