921 921
930 930
934 934
937 937
940 940
943 943
946 946
949 949
952 952
955 955
958 958
961 961
964 964
967 967
970 970
973 973
975 975
977 977
979 979
981 981
983 983
985 985
987 987
989 989
991 991
993 993
995 995
997 997
999 999
1001 1001
1003 1003
1005 1005
1007 1007
1008 1008
1009 1009
1010 1010
1012 1012
1013 1013
1015 1015
1016 1016
1017 1017
1019 1019
1020 1020
1021 1021
1022 1022
1023 1023
1024 1024
1025 1025
1027 1027
1028 1028
1029 1029
1030 1030
1031 1031
1032 1032
1033 1033
1034 1034
1035 1035
1036 1036
1037 1037
1038 1038
1005 1038
1009 1038
1012 1038
1014 1038
1016 1038
1018 1038
1020 1038
1022 1038
1025 1038
1027 1038
1029 1038
1031 1038
1033 1038
1035 1038
1036 1038
1037 1038
1038 1038
1038 1038
1012 1038
1015 1038
1018 1038
1021 1038
1024 1038
1026 1038
1028 1038
1030 1038
1032 1038
1034 1038
1036 1038
1037 1038
1038 1038
1038 1038
1005 1038
1009 1038
1012 1038
1015 1038
1018 1038
1020 1038
1022 1038
1024 1038
1026 1038
1028 1038
1030 1038
1032 1038
1034 1038
1035 1038
1036 1038
1037 1038
1038 1038
1038 1038
1013 1038
1017 1038
1020 1038
1023 1038
1025 1038
1027 1038
1029 1038
1031 1038
1033 1038
1034 1038
1035 1038
1036 1038
1037 1038
1038 1038
1038 1038
1012 1038
1016 1038
1019 1038
1022 1038
1025 1038
1027 1038
1029 1038
1031 1038
1033 1038
1035 1038
1037 1038
1038 1038
1038 1038
1014 1038
1018 1038
1021 1038
1024 1038
1027 1038
1029 1038
1031 1038
1033 1038
1035 1038
1037 1038
1038 1038
1038 1038
989 1038
993 1038
997 1038
1001 1038
1004 1038
1007 1038
1010 1038
1013 1038
1016 1038
1019 1038
1022 1038
1024 1038
1026 1038
1028 1038
1030 1038
1031 1038
1033 1038
1034 1038
1035 1038
1036 1038
1037 1038
1038 1038
1038 1038
1016 1038
1019 1038
1022 1038
1025 1038
1027 1038
1029 1038
1031 1038
1033 1038
1035 1038
1037 1038
1038 1038
1038 1038
1012 1038
1018 1038
1021 1038
1023 1038
1025 1038
1027 1038
1029 1038
1031 1038
1033 1038
1035 1038
1036 1038
1037 1038
1038 1038
1039 1039
1039 1039
1015 1039
1018 1039
1021 1039
1024 1039
1026 1039
1028 1039
1030 1039
1032 1039
1034 1039
1036 1039
1037 1039
1038 1039
1039 1039
1039 1039
1000 1039
1006 1039
1010 1039
1013 1039
1016 1039
1018 1039
1020 1039
1022 1039
1024 1039
1026 1039
1028 1039
1030 1039
1032 1039
1033 1039
1035 1039
1036 1039
1037 1039
1038 1039
1039 1039
1039 1039
1006 1039
1010 1039
1013 1039
1016 1039
1019 1039
1021 1039
1023 1039
1025 1039
1028 1039
1030 1039
1032 1039
1033 1039
1034 1039
1036 1039
1037 1039
1038 1039
1039 1039
1039 1039
1002 1039
1006 1039
1010 1039
1014 1039
1017 1039
1020 1039
1023 1039
1026 1039
1028 1039
1030 1039
1032 1039
1034 1039
1036 1039
1037 1039
1038 1039
1039 1039
1039 1039
1011 1039
1016 1039
1020 1039
1023 1039
1026 1039
1028 1039
1030 1039
1032 1039
1034 1039
1036 1039
1037 1039
1038 1039
1039 1039
1039 1039
1005 1039
1012 1039
1017 1039
1020 1039
1022 1039
1024 1039
1026 1039
1028 1039
1030 1039
1032 1039
1033 1039
1035 1039
1036 1039
1037 1039
1038 1039
1039 1039
1039 1039
994 1039
999 1039
1003 1039
1006 1039
1009 1039
1012 1039
1015 1039
1018 1039
1020 1039
1022 1039
1024 1039
1026 1039
1028 1039
1030 1039
1032 1039
1034 1039
1036 1039
1038 1039
1039 1039
1039 1039
1009 1039
1013 1039
1017 1039
1020 1039
1023 1039
1026 1039
1028 1039
1030 1039
1032 1039
1034 1039
1036 1039
1037 1039
1038 1039
1039 1039
1039 1039
1018 1039
1023 1039
1026 1039
1029 1039
1032 1039
1034 1039
1036 1039
1037 1039
1038 1039
1039 1039
1039 1039
995 1039
1000 1039
1004 1039
1008 1039
1011 1039
1014 1039
1017 1039
1020 1039
1022 1039
1024 1039
1026 1039
1028 1039
1030 1039
1032 1039
1033 1039
1035 1039
1036 1039
1037 1039
1038 1039
1038 1039
1002 1039
1007 1039
1011 1039
1015 1039
1018 1039
1021 1039
1024 1039
1027 1039
1030 1039
1033 1039
1035 1039
1036 1039
1037 1039
1038 1039
1039 1039
1039 1039
1002 1039
1006 1039
1010 1039
1014 1039
1017 1039
1020 1039
1023 1039
1025 1039
1027 1039
1029 1039
1031 1039
1033 1039
1034 1039
1035 1039
1036 1039
1037 1039
1038 1039
1039 1039
1039 1039
1020 1039
1023 1039
1026 1039
1029 1039
1032 1039
1034 1039
1036 1039
1037 1039
1038 1039
1039 1039
1039 1039
1002 1039
1006 1039
1009 1039
1012 1039
1015 1039
1018 1039
1021 1039
1023 1039
1025 1039
1027 1039
1029 1039
1031 1039
1033 1039
1034 1039
1035 1039
1036 1039
1037 1039
1038 1039
1039 1039
1039 1039
1009 1039
1013 1039
1017 1039
1020 1039
1023 1039
1025 1039
1027 1039
1029 1039
1031 1039
1033 1039
1035 1039
1037 1039
1038 1039
1039 1039
1039 1039
1014 1039
1017 1039
1020 1039
1022 1039
1024 1039
1026 1039
1028 1039
1030 1039
1032 1039
1034 1039
1036 1039
1037 1039
1038 1039
1039 1039
1039 1039
1012 1039
1016 1039
1020 1039
1023 1039
1026 1039
1029 1039
1031 1039
1033 1039
1035 1039
1037 1039
1038 1039
1039 1039
1039 1039
1021 1039
1026 1039
1029 1039
1031 1039
1033 1039
1035 1039
1036 1039
1038 1039
1039 1039
1039 1039
1016 1039
1019 1039
1022 1039
1025 1039
1027 1039
1029 1039
1031 1039
1033 1039
1035 1039
1036 1039
1037 1039
1038 1039
1039 1039
1039 1039
1004 1039
1008 1039
1011 1039
1014 1039
1017 1039
1020 1039
1022 1039
1025 1039
1027 1039
1029 1039
1030 1039
1031 1039
1032 1039
1033 1039
1034 1039
1035 1039
1036 1039
1037 1039
1038 1039
1039 1039
1040 1040
1040 1040
999 1040
1005 1040
1009 1040
1012 1040
1015 1040
1018 1040
1021 1040
1024 1040
1027 1040
1029 1040
1031 1040
1033 1040
1036 1040
1038 1040
1039 1040
1040 1040
1040 1040
1025 1040
1028 1040
1030 1040
1032 1040
1034 1040
1036 1040
1038 1040
1039 1040
1040 1040
1040 1040
1006 1040
1010 1040
1013 1040
1016 1040
1019 1040
1022 1040
1025 1040
1028 1040
1030 1040
1032 1040
1034 1040
1036 1040
1037 1040
1038 1040
1039 1040
1040 1040
1040 1040
1015 1040
1019 1040
1023 1040
1026 1040
1029 1040
1032 1040
1035 1040
1038 1040
1039 1040
1039 1040
1005 1040
1011 1040
1016 1040
1019 1040
1022 1040
1024 1040
1026 1040
1028 1040
1030 1040
1032 1040
1034 1040
1036 1040
1038 1040
1039 1040
1039 1040
1007 1040
1013 1040
1017 1040
1020 1040
1023 1040
1025 1040
1028 1040
1030 1040
1032 1040
1034 1040
1036 1040
1037 1040
1039 1040
1040 1040
1040 1040
1015 1040
1022 1040
1025 1040
1028 1040
1031 1040
1033 1040
1035 1040
1037 1040
1038 1040
1039 1040
1040 1040
1040 1040
1008 1040
1014 1040
1018 1040
1021 1040
1024 1040
1027 1040
1029 1040
1031 1040
1033 1040
1035 1040
1036 1040
1037 1040
1038 1040
1039 1040
1040 1040
1040 1040
1017 1040
1020 1040
1023 1040
1026 1040
1028 1040
1030 1040
1032 1040
1034 1040
1036 1040
1037 1040
1039 1040
1040 1040
1040 1040
1011 1040
1015 1040
1018 1040
1021 1040
1024 1040
1027 1040
1029 1040
1031 1040
1033 1040
1035 1040
1036 1040
1037 1040
1038 1040
1039 1040
1040 1040
1040 1040
1005 1040
1012 1040
1017 1040
1020 1040
1023 1040
1025 1040
1027 1040
1029 1040
1031 1040
1033 1040
1035 1040
1036 1040
1037 1040
1038 1040
1039 1040
1040 1040
1041 1041
1041 1041
1006 1041
1010 1041
1014 1041
1018 1041
1021 1041
1024 1041
1026 1041
1028 1041
1030 1041
1031 1041
1033 1041
1034 1041
1035 1041
1036 1041
1037 1041
1038 1041
1039 1041
1040 1041
1041 1041
1042 1042
1043 1043
1044 1044
1045 1045
1045 1045
1024 1045
1027 1045
1030 1045
1033 1045
1036 1045
1038 1045
1040 1045
1041 1045
1042 1045
1043 1045
1044 1045
1045 1045
1046 1046
1046 1046
1024 1046
1029 1046
1032 1046
1034 1046
1036 1046
1038 1046
1041 1046
1043 1046
1044 1046
1045 1046
1046 1046
1047 1047
1047 1047
1012 1047
1017 1047
1021 1047
1024 1047
1027 1047
1030 1047
1033 1047
1035 1047
1037 1047
1039 1047
1041 1047
1043 1047
1044 1047
1046 1047
1047 1047
1047 1047
1017 1047
1020 1047
1023 1047
1026 1047
1029 1047
1032 1047
1035 1047
1037 1047
1039 1047
1041 1047
1043 1047
1044 1047
1045 1047
1046 1047
1047 1047
1048 1048
1048 1048
1008 1048
1012 1048
1015 1048
1018 1048
1021 1048
1023 1048
1025 1048
1027 1048
1029 1048
1031 1048
1033 1048
1036 1048
1037 1048
1038 1048
1040 1048
1042 1048
1043 1048
1044 1048
1046 1048
1047 1048
1048 1048
1048 1048
1017 1048
1022 1048
1025 1048
1027 1048
1029 1048
1031 1048
1033 1048
1035 1048
1037 1048
1039 1048
1041 1048
1043 1048
1044 1048
1045 1048
1046 1048
1047 1048
1048 1048
1048 1048
1011 1048
1018 1048
1022 1048
1026 1048
1029 1048
1032 1048
1035 1048
1037 1048
1040 1048
1043 1048
1045 1048
1046 1048
1047 1048
1048 1048
1048 1048
1011 1048
1015 1048
1018 1048
1021 1048
1024 1048
1027 1048
1030 1048
1032 1048
1034 1048
1036 1048
1038 1048
1040 1048
1043 1048
1044 1048
1046 1048
1047 1048
1048 1048
1048 1048
1025 1048
1029 1048
1033 1048
1037 1048
1040 1048
1042 1048
1044 1048
1046 1048
1047 1048
1048 1048
1049 1049
1049 1049
1002 1049
1006 1049
1010 1049
1014 1049
1017 1049
1020 1049
1023 1049
1026 1049
1029 1049
1031 1049
1033 1049
1035 1049
1037 1049
1039 1049
1041 1049
1043 1049
1045 1049
1046 1049
1047 1049
1048 1049
1049 1049
1049 1049
1005 1049
1008 1049
1011 1049
1014 1049
1017 1049
1020 1049
1022 1049
1024 1049
1027 1049
1030 1049
1032 1049
1034 1049
1036 1049
1038 1049
1040 1049
1042 1049
1043 1049
1044 1049
1045 1049
1046 1049
1047 1049
1048 1049
1049 1049
1049 1049
1002 1049
1006 1049
1009 1049
1012 1049
1015 1049
1018 1049
1021 1049
1024 1049
1027 1049
1030 1049
1032 1049
1034 1049
1036 1049
1038 1049
1040 1049
1041 1049
1042 1049
1044 1049
1045 1049
1047 1049
1048 1049
1049 1049
1049 1049
1024 1049
1028 1049
1031 1049
1033 1049
1035 1049
1037 1049
1039 1049
1041 1049
1043 1049
1046 1049
1047 1049
1048 1049
1049 1049
1049 1049
1021 1049
1025 1049
1028 1049
1031 1049
1034 1049
1037 1049
1039 1049
1041 1049
1043 1049
1045 1049
1047 1049
1048 1049
1049 1049
1049 1049
1007 1049
1012 1049
1016 1049
1019 1049
1022 1049
1025 1049
1028 1049
1031 1049
1033 1049
1035 1049
1037 1049
1039 1049
1041 1049
1042 1049
1043 1049
1044 1049
1046 1049
1047 1049
1048 1049
1049 1049
1049 1049
1018 1049
1022 1049
1026 1049
1029 1049
1032 1049
1035 1049
1037 1049
1039 1049
1041 1049
1043 1049
1045 1049
1047 1049
1048 1049
1049 1049
1049 1049
1005 1049
1011 1049
1016 1049
1020 1049
1024 1049
1027 1049
1030 1049
1033 1049
1036 1049
1038 1049
1040 1049
1042 1049
1044 1049
1046 1049
1047 1049
1048 1049
1049 1049
1049 1049
999 1049
1003 1049
1006 1049
1009 1049
1012 1049
1015 1049
1018 1049
1021 1049
1024 1049
1026 1049
1028 1049
1030 1049
1032 1049
1034 1049
1036 1049
1038 1049
1040 1049
1041 1049
1042 1049
1043 1049
1045 1049
1046 1049
1048 1049
1049 1049
1049 1049
985 1049
991 1049
996 1049
1001 1049
1005 1049
1009 1049
1013 1049
1016 1049
1019 1049
1022 1049
1025 1049
1028 1049
1030 1049
1032 1049
1034 1049
1036 1049
1038 1049
1040 1049
1042 1049
1044 1049
1045 1049
1047 1049
1048 1049
1049 1049
1049 1049
1003 1049
1007 1049
1010 1049
1013 1049
1016 1049
1019 1049
1022 1049
1025 1049
1027 1049
1029 1049
1031 1049
1033 1049
1035 1049
1037 1049
1039 1049
1041 1049
1042 1049
1043 1049
1044 1049
1045 1049
1047 1049
1048 1049
1049 1049
1049 1049
1020 1049
1023 1049
1026 1049
1029 1049
1032 1049
1034 1049
1036 1049
1038 1049
1041 1049
1043 1049
1044 1049
1045 1049
1046 1049
1047 1049
1048 1049
1049 1049
1049 1049
1010 1049
1014 1049
1017 1049
1020 1049
1023 1049
1026 1049
1028 1049
1030 1049
1032 1049
1035 1049
1037 1049
1039 1049
1041 1049
1043 1049
1045 1049
1047 1049
1048 1049
1049 1049
1049 1049
1005 1049
1009 1049
1013 1049
1017 1049
1020 1049
1023 1049
1025 1049
1027 1049
1029 1049
1031 1049
1033 1049
1035 1049
1037 1049
1040 1049
1041 1049
1043 1049
1044 1049
1045 1049
1046 1049
1047 1049
1048 1049
1049 1049
1049 1049
1016 1049
1019 1049
1022 1049
1025 1049
1028 1049
1031 1049
1034 1049
1036 1049
1038 1049
1040 1049
1042 1049
1044 1049
1045 1049
1046 1049
1047 1049
1048 1049
1049 1049
1049 1049
1004 1049
1009 1049
1012 1049
1015 1049
1018 1049
1021 1049
1023 1049
1025 1049
1027 1049
1029 1049
1031 1049
1033 1049
1035 1049
1037 1049
1039 1049
1041 1049
1043 1049
1045 1049
1046 1049
1047 1049
1048 1049
1049 1049
1049 1049
1016 1049
1021 1049
1025 1049
1028 1049
1030 1049
1032 1049
1034 1049
1036 1049
1038 1049
1040 1049
1042 1049
1044 1049
1046 1049
1047 1049
1048 1049
1049 1049
1049 1049
1022 1049
1026 1049
1029 1049
1032 1049
1035 1049
1037 1049
1039 1049
1041 1049
1043 1049
1045 1049
1046 1049
1047 1049
1048 1049
1049 1049
1049 1049
992 1049
996 1049
1000 1049
1003 1049
1006 1049
1009 1049
1012 1049
1015 1049
1018 1049
1020 1049
1022 1049
1024 1049
1026 1049
1028 1049
1030 1049
1032 1049
1034 1049
1036 1049
1038 1049
1040 1049
1042 1049
1044 1049
1045 1049
1046 1049
1047 1049
1048 1049
1049 1049
1050 1050
1051 1051
1051 1051
1009 1051
1014 1051
1018 1051
1022 1051
1025 1051
1028 1051
1030 1051
1032 1051
1034 1051
1036 1051
1038 1051
1040 1051
1041 1051
1043 1051
1045 1051
1046 1051
1047 1051
1049 1051
1050 1051
1051 1051
1051 1051
1017 1051
1021 1051
1025 1051
1028 1051
1031 1051
1034 1051
1036 1051
1038 1051
1040 1051
1042 1051
1044 1051
1046 1051
1047 1051
1048 1051
1049 1051
1049 1051
1003 1051
1007 1051
1011 1051
1015 1051
1019 1051
1023 1051
1026 1051
1029 1051
1031 1051
1033 1051
1035 1051
1037 1051
1039 1051
1041 1051
1043 1051
1045 1051
1046 1051
1047 1051
1049 1051
1050 1051
1051 1051
1051 1051
1025 1051
1028 1051
1030 1051
1032 1051
1034 1051
1037 1051
1039 1051
1041 1051
1043 1051
1044 1051
1045 1051
1046 1051
1047 1051
1048 1051
1049 1051
1050 1051
1051 1051
1051 1051
1022 1051
1027 1051
1030 1051
1033 1051
1035 1051
1037 1051
1039 1051
1041 1051
1043 1051
1045 1051
1046 1051
1047 1051
1048 1051
1049 1051
1050 1051
1051 1051
1051 1051
