932 932
924 932
924 932
930 932
935 935
939 939
942 942
945 945
948 948
951 951
954 954
957 957
960 960
962 962
964 964
967 967
969 969
971 971
973 973
975 975
977 977
979 979
981 981
983 983
985 985
987 987
990 990
992 992
994 994
996 996
998 998
1000 1000
1002 1002
1003 1003
1004 1004
1005 1005
1006 1006
1007 1007
1008 1008
1009 1009
1010 1010
1011 1011
1012 1012
1013 1013
1014 1014
1015 1015
1016 1016
1017 1017
1018 1018
1019 1019
1020 1020
1021 1021
1022 1022
1023 1023
1024 1024
1025 1025
1026 1026
1027 1027
1028 1028
1029 1029
1030 1030
1031 1031
1032 1032
1033 1033
1034 1034
1035 1035
1036 1036
1037 1037
1038 1038
1039 1039
932 1039
932 1039
937 1039
942 1039
946 1039
950 1039
954 1039
957 1039
961 1039
965 1039
968 1039
971 1039
974 1039
977 1039
980 1039
983 1039
986 1039
988 1039
990 1039
992 1039
994 1039
996 1039
998 1039
1000 1039
1002 1039
1004 1039
1006 1039
1008 1039
1010 1039
1013 1039
1015 1039
1017 1039
1019 1039
1021 1039
1023 1039
1024 1039
1025 1039
1027 1039
1029 1039
1030 1039
1032 1039
1033 1039
1034 1039
1035 1039
1036 1039
1037 1039
1038 1039
1039 1039
1040 1040
1041 1041
1042 1042
1043 1043
1044 1044
1045 1045
1046 1046
1047 1047
1048 1048
1049 1049
1050 1050
944 1050
944 1050
949 1050
954 1050
958 1050
962 1050
966 1050
969 1050
972 1050
975 1050
978 1050
981 1050
983 1050
985 1050
987 1050
989 1050
991 1050
993 1050
995 1050
997 1050
1000 1050
1002 1050
1004 1050
1006 1050
1008 1050
1010 1050
1012 1050
1013 1050
1014 1050
1015 1050
1016 1050
1017 1050
1018 1050
1019 1050
1020 1050
1021 1050
1022 1050
1024 1050
1025 1050
1026 1050
1027 1050
1028 1050
1029 1050
1030 1050
1031 1050
1032 1050
1033 1050
1034 1050
1035 1050
1036 1050
942 1050
942 1050
947 1050
952 1050
956 1050
960 1050
964 1050
968 1050
971 1050
974 1050
977 1050
980 1050
983 1050
985 1050
988 1050
990 1050
992 1050
994 1050
996 1050
998 1050
1000 1050
1002 1050
1004 1050
1006 1050
1007 1050
1008 1050
1009 1050
1011 1050
1012 1050
1013 1050
1014 1050
1015 1050
1016 1050
1017 1050
1018 1050
1019 1050
1020 1050
1021 1050
1022 1050
1023 1050
1024 1050
1025 1050
1026 1050
1027 1050
1028 1050
1029 1050
1030 1050
1031 1050
1032 1050
1033 1050
1034 1050
1035 1050
1036 1050
1037 1050
925 1050
925 1050
931 1050
937 1050
941 1050
945 1050
949 1050
953 1050
956 1050
959 1050
962 1050
965 1050
968 1050
971 1050
974 1050
976 1050
978 1050
980 1050
982 1050
984 1050
986 1050
988 1050
990 1050
992 1050
994 1050
996 1050
998 1050
1000 1050
1001 1050
1002 1050
1004 1050
1005 1050
1006 1050
1007 1050
1008 1050
1009 1050
1010 1050
1011 1050
1012 1050
1013 1050
1014 1050
1015 1050
1016 1050
1017 1050
1018 1050
1019 1050
1020 1050
1021 1050
1022 1050
1023 1050
1025 1050
1026 1050
1027 1050
1029 1050
1030 1050
1031 1050
1032 1050
1033 1050
1034 1050
