923 923
923 923
924 924
926 926
923 926
923 926
922 926
921 926
921 926
923 926
922 926
921 926
922 926
925 926
924 926
924 926
920 926
920 926
922 926
919 926
917 926
917 926
916 926
919 926
921 926
923 926
925 926
923 926
924 926
924 926
925 926
925 926
928 928
925 928
923 928
923 928
925 928
928 928
929 929
932 932
931 932
932 932
933 933
934 934
930 934
932 934
934 934
935 935
933 935
933 935
934 935
936 936
936 936
939 939
940 940
938 940
937 940
938 940
936 940
938 940
940 940
940 940
941 941
943 943
941 943
940 943
937 943
936 943
935 943
936 943
937 943
935 943
932 943
930 943
930 943
931 943
932 943
931 943
933 943
931 943
928 943
929 943
929 943
931 943
932 943
936 943
935 943
934 943
937 943
939 943
941 943
941 943
938 943
938 943
936 943
939 943
939 943
942 943
940 943
944 944
942 944
942 944
943 944
941 944
936 944
936 944
933 944
933 944
932 944
931 944
929 944
931 944
930 944
929 944
931 944
930 944
931 944
932 944
932 944
934 944
937 944
939 944
939 944
938 944
939 944
940 944
939 944
938 944
940 944
937 944
935 944
937 944
935 944
937 944
934 944
932 944
932 944
933 944
937 944
936 944
932 944
931 944
931 944
930 944
930 944
932 944
932 944
932 944
935 944
938 944
939 944
939 944
940 944
939 944
939 944
939 944
938 944
938 944
942 944
939 944
938 944
938 944
935 944
935 944
933 944
932 944
930 944
932 944
931 944
932 944
932 944
930 944
929 944
934 944
935 944
934 944
933 944
931 944
931 944
932 944
933 944
933 944
933 944
936 944
936 944
935 944
935 944
935 944
936 944
934 944
932 944
935 944
936 944
937 944
938 944
936 944
936 944
937 944
937 944
934 944
937 944
937 944
938 944
936 944
936 944
938 944
938 944
936 944
938 944
940 944
938 944
936 944
937 944
935 944
935 944
934 944
938 944
942 944
942 944
941 944
941 944
940 944
937 944
936 944
935 944
935 944
934 944
936 944
937 944
937 944
934 944
935 944
934 944
936 944
936 944
933 944
936 944
933 944
935 944
937 944
937 944
938 944
939 944
944 944
944 944
943 944
947 947
949 949
949 949
947 949
948 949
946 949
948 949
949 949
945 949
944 949
944 949
945 949
943 949
943 949
942 949
940 949
940 949
938 949
939 949
940 949
940 949
941 949
939 949
939 949
940 949
938 949
939 949
940 949
943 949
943 949
944 949
944 949
943 949
945 949
945 949
945 949
945 949
940 949
942 949
940 949
939 949
937 949
938 949
935 949
935 949
934 949
933 949
932 949
932 949
932 949
934 949
935 949
931 949
926 949
929 949
926 949
929 949
928 949
927 949
927 949
929 949
931 949
934 949
934 949
935 949
934 949
935 949
935 949
933 949
931 949
931 949
934 949
934 949
934 949
937 949
936 949
938 949
938 949
939 949
938 949
938 949
938 949
939 949
938 949
939 949
938 949
938 949
937 949
937 949
934 949
933 949
932 949
932 949
929 949
930 949
930 949
932 949
930 949
929 949
927 949
926 949
926 949
925 949
926 949
925 949
926 949
926 949
926 949
925 949
925 949
929 949
926 949
927 949
930 949
928 949
929 949
930 949
929 949
930 949
932 949
934 949
936 949
937 949
938 949
937 949
939 949
937 949
935 949
937 949
935 949
935 949
933 949
933 949
931 949
931 949
931 949
929 949
929 949
929 949
930 949
931 949
930 949
926 949
922 949
924 949
921 949
920 949
921 949
922 949
922 949
921 949
922 949
922 949
926 949
924 949
923 949
925 949
924 949
923 949
923 949
921 949
921 949
925 949
925 949
925 949
928 949
929 949
931 949
932 949
932 949
932 949
934 949
936 949
939 949
941 949
939 949
939 949
940 949
942 949
942 949
940 949
942 949
942 949
942 949
942 949
944 949
945 949
943 949
943 949
942 949
940 949
940 949
939 949
937 949
935 949
936 949
937 949
934 949
933 949
931 949
932 949
933 949
934 949
936 949
934 949
933 949
932 949
933 949
933 949
933 949
934 949
934 949
931 949
929 949
931 949
930 949
930 949
933 949
933 949
934 949
932 949
933 949
936 949
935 949
939 949
938 949
939 949
941 949
941 949
944 949
945 949
945 949
944 949
944 949
943 949
942 949
944 949
946 949
948 949
946 949
945 949
947 949
946 949
946 949
942 949
941 949
943 949
942 949
944 949
944 949
944 949
942 949
944 949
944 949
943 949
945 949
946 949
947 949
946 949
946 949
946 949
946 949
943 949
942 949
941 949
941 949
939 949
939 949
938 949
937 949
937 949
934 949
933 949
934 949
933 949
937 949
936 949
936 949
937 949
935 949
935 949
936 949
936 949
937 949
938 949
938 949
937 949
934 949
934 949
931 949
931 949
933 949
934 949
933 949
932 949
934 949
933 949
931 949
930 949
928 949
929 949
928 949
928 949
927 949
927 949
928 949
933 949
930 949
930 949
930 949
930 949
930 949
930 949
931 949
931 949
931 949
930 949
931 949
931 949
934 949
934 949
935 949
934 949
938 949
943 949
945 949
945 949
944 949
944 949
945 949
946 949
945 949
947 949
948 949
949 949
952 952
952 952
951 952
950 952
952 952
952 952
953 953
951 953
951 953
951 953
951 953
951 953
951 953
949 953
949 953
946 953
944 953
946 953
945 953
945 953
946 953
945 953
946 953
948 953
947 953
944 953
945 953
946 953
949 953
950 953
949 953
950 953
948 953
949 953
949 953
948 953
948 953
948 953
948 953
949 953
952 953
950 953
952 953
951 953
951 953
951 953
949 953
951 953
952 953
950 953
950 953
950 953
950 953
949 953
949 953
948 953
947 953
947 953
948 953
945 953
944 953
943 953
943 953
941 953
941 953
943 953
944 953
948 953
950 953
950 953
950 953
948 953
951 953
954 954
952 954
953 954
954 954
952 954
953 954
952 954
951 954
951 954
951 954
951 954
951 954
951 954
951 954
951 954
951 954
951 954
950 954
948 954
948 954
948 954
949 954
951 954
950 954
949 954
951 954
948 954
948 954
949 954
947 954
946 954
948 954
948 954
951 954
952 954
951 954
952 954
952 954
952 954
950 954
948 954
947 954
946 954
947 954
946 954
945 954
945 954
945 954
946 954
947 954
946 954
945 954
947 954
947 954
950 954
950 954
950 954
954 954
957 957
956 957
957 957
957 957
957 957
957 957
957 957
955 957
954 957
956 957
957 957
958 958
959 959
960 960
961 961
961 961
959 961
959 961
958 961
957 961
957 961
958 961
959 961
957 961
954 961
956 961
953 961
954 961
952 961
951 961
954 961
952 961
952 961
950 961
950 961
950 961
949 961
952 961
952 961
952 961
952 961
951 961
953 961
954 961
953 961
954 961
954 961
954 961
952 961
951 961
951 961
951 961
951 961
952 961
954 961
950 961
952 961
951 961
954 961
956 961
957 961
957 961
952 961
952 961
952 961
952 961
952 961
952 961
952 961
952 961
951 961
950 961
950 961
951 961
949 961
949 961
950 961
950 961
951 961
952 961
951 961
949 961
949 961
952 961
952 961
952 961
952 961
952 961
953 961
948 961
947 961
947 961
947 961
945 961
945 961
945 961
943 961
943 961
942 961
943 961
941 961
943 961
943 961
943 961
943 961
944 961
944 961
943 961
941 961
941 961
942 961
939 961
937 961
942 961
946 961
945 961
946 961
945 961
943 961
940 961
940 961
942 961
942 961
942 961
943 961
946 961
946 961
942 961
941 961
943 961
944 961
943 961
945 961
939 961
937 961
940 961
939 961
940 961
942 961
945 961
947 961
949 961
950 961
948 961
947 961
948 961
948 961
949 961
949 961
953 961
953 961
955 961
955 961
958 961
959 961
960 961
960 961
959 961
957 961
956 961
957 961
955 961
955 961
959 961
959 961
959 961
959 961
961 961
961 961
962 962
962 962
962 962
962 962
960 962
960 962
960 962
962 962
962 962
962 962
963 963
962 963
962 963
960 963
961 963
961 963
961 963
961 963
961 963
960 963
959 963
960 963
960 963
961 963
961 963
964 964
965 965
966 966
970 970
970 970
970 970
971 971
971 971
971 971
970 971
972 972
972 972
973 973
974 974
973 974
971 974
969 974
970 974
970 974
970 974
970 974
971 974
970 974
970 974
970 974
971 974
971 974
971 974
971 974
971 974
970 974
969 974
967 974
967 974
967 974
967 974
968 974
968 974
968 974
968 974
968 974
969 974
969 974
969 974
968 974
967 974
968 974
969 974
967 974
967 974
964 974
964 974
962 974
960 974
959 974
959 974
959 974
959 974
964 974
964 974
962 974
965 974
965 974
965 974
963 974
963 974
965 974
967 974
966 974
964 974
960 974
959 974
958 974
959 974
958 974
958 974
958 974
957 974
957 974
957 974
957 974
954 974
954 974
955 974
956 974
954 974
954 974
954 974
955 974
953 974
952 974
953 974
949 974
949 974
949 974
950 974
951 974
949 974
946 974
946 974
946 974
945 974
945 974
944 974
944 974
945 974
946 974
943 974
943 974
944 974
944 974
947 974
949 974
952 974
952 974
954 974
951 974
951 974
947 974
946 974
946 974
948 974
944 974
944 974
943 974
945 974
944 974
944 974
945 974
944 974
944 974
944 974
944 974
942 974
944 974
943 974
947 974
945 974
945 974
949 974
949 974
950 974
950 974
950 974
953 974
953 974
954 974
954 974
955 974
955 974
958 974
959 974
959 974
959 974
959 974
959 974
957 974
954 974
952 974
952 974
953 974
953 974
953 974
952 974
953 974
955 974
955 974
954 974
954 974
955 974
952 974
952 974
950 974
950 974
950 974
951 974
952 974
952 974
952 974
950 974
952 974
952 974
950 974
948 974
947 974
947 974
947 974
947 974
948 974
946 974
946 974
944 974
944 974
944 974
947 974
947 974
948 974
945 974
943 974
943 974
943 974
943 974
944 974
944 974
944 974
944 974
942 974
941 974
939 974
939 974
939 974
942 974
942 974
943 974
944 974
943 974
941 974
943 974
943 974
942 974
941 974
939 974
937 974
940 974
940 974
941 974
943 974
943 974
946 974
946 974
946 974
946 974
944 974
944 974
944 974
942 974
942 974
944 974
944 974
944 974
943 974
942 974
944 974
944 974
945 974
945 974
944 974
943 974
943 974
944 974
944 974
946 974
947 974
948 974
948 974
946 974
946 974
946 974
947 974
946 974
948 974
948 974
946 974
946 974
946 974
944 974
948 974
949 974
949 974
948 974
950 974
951 974
951 974
950 974
950 974
950 974
950 974
951 974
951 974
952 974
952 974
952 974
953 974
956 974
956 974
956 974
957 974
957 974
957 974
957 974
957 974
957 974
958 974
954 974
954 974
955 974
956 974
956 974
956 974
956 974
956 974
958 974
959 974
960 974
958 974
956 974
956 974
956 974
954 974
953 974
952 974
953 974
954 974
957 974
957 974
957 974
957 974
957 974
958 974
957 974
957 974
957 974
958 974
958 974
959 974
959 974
959 974
960 974
961 974
961 974
962 974
962 974
964 974
964 974
965 974
965 974
965 974
965 974
965 974
965 974
963 974
963 974
965 974
965 974
965 974
965 974
965 974
966 974
966 974
964 974
966 974
969 974
970 974
970 974
970 974
972 974
973 974
971 974
969 974
970 974
973 974
973 974
973 974
973 974
972 974
974 974
973 974
975 975
974 975
975 975
975 975
975 975
975 975
975 975
975 975
975 975
975 975
976 976
976 976
976 976
975 976
975 976
975 976
976 976
976 976
976 976
976 976
976 976
976 976
976 976
975 976
974 976
974 976
974 976
974 976
974 976
974 976
975 976
975 976
974 976
974 976
974 976
973 976
971 976
971 976
971 976
971 976
971 976
971 976
971 976
971 976
973 976
973 976
973 976
973 976
974 976
974 976
974 976
974 976
976 976
975 976
974 976
974 976
974 976
975 976
975 976
976 976
976 976
977 977
977 977
977 977
977 977
977 977
977 977
979 979
979 979
979 979
979 979
978 979
978 979
978 979
978 979
978 979
978 979
978 979
978 979
979 979
978 979
979 979
979 979
979 979
979 979
980 980
979 980
978 980
978 980
978 980
977 980
976 980
977 980
977 980
978 980
979 980
979 980
981 981
981 981
979 981
980 981
981 981
981 981
981 981
982 982
982 982
982 982
982 982
982 982
982 982
982 982
982 982
984 984
984 984
983 984
981 984
981 984
981 984
983 984
983 984
983 984
984 984
983 984
983 984
983 984
983 984
983 984
984 984
985 985
985 985
985 985
985 985
985 985
984 985
984 985
984 985
984 985
983 985
983 985
983 985
986 986
986 986
986 986
989 989
989 989
990 990
990 990
991 991
991 991
991 991
991 991
991 991
991 991
992 992
991 992
992 992
992 992
993 993
993 993
993 993
994 994
995 995
993 995
993 995
992 995
992 995
992 995
992 995
993 995
992 995
992 995
992 995
992 995
993 995
993 995
994 995
994 995
994 995
996 996
997 997
997 997
996 997
999 999
999 999
999 999
999 999
1000 1000
1000 1000
1000 1000
1000 1000
1000 1000
1000 1000
998 1000
998 1000
998 1000
998 1000
998 1000
1000 1000
1000 1000
1000 1000
1000 1000
1000 1000
1000 1000
1000 1000
1000 1000
1000 1000
1000 1000
1000 1000
1000 1000
1000 1000
1000 1000
999 1000
999 1000
999 1000
999 1000
998 1000
999 1000
999 1000
999 1000
997 1000
997 1000
997 1000
997 1000
996 1000
996 1000
996 1000
996 1000
999 1000
999 1000
999 1000
999 1000
998 1000
998 1000
998 1000
997 1000
997 1000
997 1000
997 1000
997 1000
997 1000
997 1000
996 1000
996 1000
996 1000
996 1000
997 1000
999 1000
998 1000
998 1000
998 1000
997 1000
997 1000
997 1000
997 1000
996 1000
996 1000
995 1000
995 1000
995 1000
995 1000
995 1000
996 1000
997 1000
997 1000
999 1000
999 1000
999 1000
999 1000
999 1000
999 1000
999 1000
999 1000
999 1000
999 1000
1000 1000
1000 1000
1000 1000
1002 1002
1002 1002
1005 1005
1005 1005
1005 1005
1005 1005
1005 1005
1005 1005
1005 1005
1006 1006
1005 1006
1005 1006
1005 1006
1005 1006
1005 1006
1005 1006
1005 1006
1005 1006
1005 1006
1005 1006
1005 1006
1005 1006
1005 1006
1005 1006
1005 1006
1005 1006
1005 1006
1005 1006
1007 1007
1007 1007
1007 1007
1008 1008
1008 1008
1008 1008
1008 1008
1008 1008
1008 1008
1008 1008
1008 1008
1008 1008
1008 1008
1011 1011
1011 1011
1011 1011
1011 1011
1011 1011
1012 1012
1012 1012
1012 1012
1012 1012
1012 1012
1012 1012
1012 1012
1012 1012
1012 1012
1012 1012
1013 1013
1013 1013
1014 1014
1014 1014
1013 1014
1013 1014
1013 1014
1013 1014
1013 1014
1013 1014
1013 1014
1013 1014
1013 1014
1013 1014
1013 1014
1013 1014
1014 1014
1014 1014
1014 1014
1014 1014
1014 1014
1014 1014
1014 1014
1014 1014
1014 1014
1014 1014
1014 1014
1014 1014
1014 1014
1014 1014
1014 1014
1014 1014
1014 1014
1014 1014
1014 1014
1014 1014
1014 1014
1014 1014
1014 1014
1014 1014
1014 1014
1014 1014
1014 1014
1014 1014
1012 1014
1012 1014
1012 1014
1012 1014
1012 1014
1012 1014
1012 1014
1012 1014
1012 1014
1012 1014
1014 1014
1014 1014
1015 1015
1015 1015
1015 1015
1015 1015
1015 1015
1015 1015
1014 1015
1014 1015
1014 1015
1014 1015
1014 1015
1014 1015
1016 1016
1016 1016
1016 1016
1016 1016
1016 1016
1016 1016
1016 1016
1016 1016
1016 1016
1016 1016
1016 1016
1016 1016
1017 1017
1017 1017
1017 1017
1019 1019
1019 1019
1019 1019
1019 1019
1019 1019
1019 1019
1018 1019
1018 1019
1018 1019
1018 1019
1018 1019
1018 1019
1018 1019
1018 1019
1018 1019
1017 1019
1017 1019
1017 1019
1017 1019
1017 1019
1017 1019
1017 1019
1017 1019
1018 1019
1018 1019
1018 1019
1018 1019
1018 1019
1019 1019
1019 1019
1019 1019
1019 1019
1019 1019
1018 1019
1018 1019
1018 1019
1018 1019
1018 1019
1018 1019
1018 1019
1018 1019
1018 1019
1018 1019
1018 1019
1018 1019
1019 1019
1020 1020
1020 1020
1020 1020
1020 1020
1020 1020
1020 1020
1020 1020
1020 1020
1021 1021
1021 1021
1021 1021
1021 1021
1021 1021
1021 1021
1021 1021
1021 1021
1021 1021
1021 1021
1021 1021
1021 1021
1021 1021
1021 1021
1021 1021
1021 1021
1021 1021
1020 1021
1020 1021
1020 1021
1020 1021
1020 1021
1020 1021
1020 1021
1020 1021
1020 1021
1020 1021
1021 1021
1021 1021
1021 1021
1022 1022
1022 1022
1022 1022
1022 1022
1023 1023
1023 1023
1024 1024
1024 1024
1025 1025
1025 1025
1025 1025
1025 1025
1026 1026
1026 1026
1026 1026
1026 1026
1025 1026
1025 1026
1025 1026
1026 1026
1026 1026
1026 1026
1026 1026
1026 1026
1026 1026
1026 1026
1026 1026
1026 1026
1026 1026
1026 1026
1026 1026
1026 1026
1026 1026
1026 1026
1026 1026
1027 1027
1027 1027
1027 1027
1027 1027
1027 1027
1027 1027
1028 1028
1028 1028
1028 1028
1028 1028
1028 1028
1028 1028
1028 1028
1029 1029
1029 1029
1031 1031
1031 1031
1031 1031
1031 1031
1031 1031
1031 1031
1031 1031
1031 1031
1031 1031
1031 1031
1031 1031
1031 1031
1031 1031
1031 1031
1031 1031
1031 1031
1031 1031
1031 1031
1031 1031
1031 1031
1031 1031
1031 1031
1031 1031
1031 1031
1031 1031
1031 1031
1031 1031
1031 1031
1032 1032
1032 1032
1032 1032
1032 1032
1032 1032
1032 1032
1032 1032
1032 1032
1032 1032
1032 1032
1034 1034
1034 1034
1034 1034
1034 1034
1034 1034
1034 1034
1034 1034
1034 1034
1034 1034
1034 1034
1034 1034
1034 1034
1034 1034
1034 1034
1034 1034
1034 1034
1034 1034
1034 1034
1035 1035
1035 1035
1035 1035
1035 1035
1035 1035
1035 1035
1035 1035
1035 1035
1035 1035
1035 1035
1035 1035
1035 1035
1035 1035
1035 1035
1035 1035
1035 1035
1035 1035
1035 1035
1035 1035
1035 1035
1035 1035
1035 1035
1035 1035
1035 1035
1035 1035
1036 1036
1036 1036
1036 1036
1036 1036
1036 1036
1036 1036
1037 1037
1038 1038
1040 1040
1040 1040
1040 1040
1040 1040
1040 1040
1040 1040
1040 1040
1040 1040
1040 1040
1040 1040
1040 1040
1040 1040
1040 1040
1040 1040
1040 1040
1040 1040
1040 1040
1040 1040
1040 1040
1040 1040
1040 1040
1042 1042
1042 1042
1042 1042
1042 1042
1042 1042
1042 1042
1042 1042
1042 1042
1042 1042
1042 1042
1041 1042
1041 1042
1041 1042
1041 1042
1041 1042
1041 1042
1041 1042
1041 1042
1041 1042
1041 1042
1041 1042
1041 1042
1041 1042
1041 1042
1042 1042
1042 1042
1042 1042
1042 1042
1042 1042
1042 1042
1042 1042
1042 1042
1042 1042
1042 1042
1042 1042
1043 1043
1043 1043
1043 1043
1043 1043
1043 1043
1043 1043
1043 1043
1043 1043
1043 1043
1043 1043
1043 1043
1043 1043
1043 1043
1043 1043
1043 1043
1043 1043
1043 1043
1043 1043
1043 1043
1043 1043
1043 1043
1043 1043
1043 1043
1044 1044
1044 1044
1044 1044
1044 1044
1044 1044
1044 1044
1044 1044
1044 1044
1044 1044
1044 1044
1044 1044
1044 1044
1044 1044
1044 1044
1044 1044
1044 1044
1044 1044
1044 1044
1044 1044
1044 1044
1044 1044
1044 1044
1044 1044
1044 1044
1044 1044
1044 1044
1044 1044
1044 1044
1045 1045
1045 1045
1045 1045
1045 1045
1045 1045
1045 1045
1045 1045
1045 1045
1045 1045
1045 1045
1045 1045
1045 1045
1045 1045
1045 1045
1045 1045
1045 1045
1045 1045
1045 1045
1045 1045
1045 1045
1045 1045
1045 1045
1045 1045
1045 1045
1045 1045
1045 1045
1045 1045
1045 1045
1045 1045
1045 1045
1045 1045
1045 1045
1045 1045
1045 1045
1045 1045
1045 1045
1045 1045
1045 1045
1046 1046
1046 1046
1046 1046
1046 1046
1046 1046
1046 1046
1046 1046
1046 1046
1046 1046
1046 1046
1046 1046
1046 1046
1046 1046
1046 1046
1046 1046
1046 1046
1046 1046
1046 1046
1046 1046
1046 1046
1046 1046
1046 1046
1046 1046
1046 1046
1046 1046
1046 1046
1046 1046
1046 1046
1046 1046
1046 1046
1046 1046
1046 1046
1046 1046
1046 1046
1046 1046
1046 1046
1046 1046
1046 1046
1046 1046
1046 1046
1046 1046
1046 1046
1046 1046
1046 1046
1046 1046
1046 1046
1046 1046
1046 1046
1046 1046
1046 1046
1046 1046
1046 1046
1046 1046
1046 1046
1047 1047
1047 1047
1047 1047
1047 1047
1047 1047
1047 1047
1047 1047
1047 1047
1047 1047
1047 1047
1047 1047
1047 1047
1047 1047
1047 1047
1047 1047
1047 1047
1047 1047
1047 1047
1047 1047
1047 1047
1047 1047
1047 1047
1047 1047
1047 1047
1047 1047
1047 1047
1047 1047
1047 1047
1047 1047
1047 1047
1047 1047
1047 1047
1047 1047
1047 1047
1047 1047
1047 1047
1047 1047
1047 1047
1047 1047
1047 1047
1047 1047
1047 1047
1047 1047
1047 1047
1047 1047
1047 1047
1047 1047
1047 1047
1047 1047
1047 1047
1047 1047
1047 1047
1047 1047
1047 1047
1047 1047
1047 1047
1047 1047
1047 1047
1047 1047
1047 1047
1047 1047
1047 1047
1047 1047
1047 1047
1047 1047
1047 1047
1047 1047
1047 1047
1047 1047
1047 1047
1047 1047
1047 1047
1047 1047
1047 1047
1047 1047
1047 1047
1047 1047
1047 1047
1047 1047
1047 1047
1047 1047
1047 1047
1047 1047
1047 1047
1047 1047
1047 1047
1047 1047
1047 1047
1047 1047
1047 1047
1047 1047
1047 1047
1047 1047
1047 1047
1047 1047
1047 1047
1047 1047
1047 1047
1047 1047
1047 1047
1047 1047
1047 1047
1047 1047
1047 1047
1047 1047
1047 1047
1047 1047
1047 1047
1047 1047
1047 1047
1047 1047
1047 1047
1047 1047
1047 1047
1047 1047
1047 1047
1047 1047
1047 1047
1047 1047
1047 1047
1047 1047
1047 1047
1047 1047
1047 1047
1047 1047
1047 1047
1047 1047
1047 1047
1047 1047
1047 1047
1047 1047
1047 1047
1047 1047
1047 1047
1047 1047
1047 1047
1047 1047
1047 1047
1047 1047
1047 1047
1047 1047
1047 1047
1047 1047
1047 1047
1047 1047
1047 1047
1047 1047
1047 1047
1047 1047
1047 1047
1047 1047
1047 1047
1047 1047
1047 1047
1047 1047
1047 1047
1047 1047
1047 1047
1047 1047
1047 1047
1047 1047
1047 1047
1047 1047
1047 1047
1047 1047
1047 1047
1047 1047
1047 1047
1047 1047
1047 1047
1047 1047
1047 1047
1047 1047
1047 1047
1047 1047
1047 1047
1047 1047
1047 1047
1047 1047
1047 1047
1047 1047
1047 1047
1047 1047
1047 1047
1047 1047
1047 1047
1047 1047
1047 1047
1047 1047
1047 1047
1047 1047
1047 1047
1047 1047
1047 1047
1047 1047
1047 1047
1047 1047
1047 1047
1047 1047
1047 1047
1047 1047
1047 1047
1047 1047
1047 1047
1047 1047
1047 1047
1047 1047
1047 1047
1047 1047
1047 1047
1047 1047
1047 1047
1047 1047
1047 1047
1047 1047
1047 1047
1047 1047
1047 1047
1047 1047
1047 1047
1047 1047
1047 1047
1047 1047
1047 1047
1047 1047
1047 1047
1047 1047
1047 1047
1047 1047
1047 1047
1047 1047
1047 1047
1047 1047
1047 1047
1047 1047
1047 1047
1047 1047
1047 1047
1047 1047
1047 1047
1047 1047
1047 1047
1047 1047
1047 1047
1047 1047
1047 1047
1047 1047
1047 1047
1047 1047
1047 1047
1047 1047
1047 1047
1047 1047
1047 1047
1047 1047
1047 1047
1047 1047
1047 1047
1047 1047
1047 1047
1047 1047
1047 1047
1047 1047
1047 1047
1047 1047
1047 1047
1047 1047
1047 1047
1047 1047
1047 1047
1047 1047
1047 1047
1047 1047
1047 1047
1047 1047
1047 1047
1047 1047
1047 1047
1047 1047
1047 1047
1047 1047
1047 1047
1047 1047
1047 1047
1047 1047
1047 1047
1047 1047
1047 1047
1047 1047
1047 1047
1047 1047
1047 1047
1047 1047
1047 1047
1047 1047
1047 1047
1047 1047
1047 1047
1047 1047
1047 1047
1047 1047
1047 1047
1047 1047
1047 1047
1047 1047
1047 1047
1047 1047
1047 1047
1047 1047
1047 1047
1047 1047
1047 1047
1047 1047
1047 1047
1047 1047
1047 1047
1047 1047
1047 1047
1047 1047
1047 1047
1047 1047
1047 1047
1047 1047
1047 1047
1047 1047
1047 1047
1047 1047
1047 1047
1047 1047
1047 1047
1047 1047
1047 1047
1047 1047
1047 1047
1047 1047
1047 1047
1047 1047
1047 1047
1047 1047
1047 1047
1047 1047
1047 1047
1047 1047
1047 1047
1047 1047
1047 1047
1047 1047
1047 1047
1047 1047
1047 1047
1047 1047
1047 1047
1047 1047
1047 1047
1047 1047
1047 1047
1047 1047
1047 1047
1047 1047
1047 1047
1047 1047
1047 1047
1047 1047
1047 1047
1047 1047
1047 1047
1047 1047
1047 1047
1047 1047
1047 1047
1047 1047
1047 1047
1047 1047
1047 1047
1047 1047
1047 1047
1047 1047
1047 1047
1047 1047
1047 1047
1047 1047
1047 1047
1047 1047
1047 1047
1047 1047
1047 1047
1047 1047
1047 1047
1047 1047
1047 1047
1047 1047
1047 1047
1047 1047
1047 1047
1047 1047
1047 1047
1047 1047
1047 1047
1047 1047
1047 1047
1047 1047
1047 1047
1047 1047
1047 1047
1047 1047
1047 1047
1047 1047
1047 1047
1047 1047
1047 1047
1047 1047
1047 1047
1047 1047
1047 1047
1047 1047
1047 1047
1047 1047
1047 1047
1047 1047
1047 1047
1047 1047
1047 1047
1047 1047
1047 1047
1047 1047
1047 1047
1047 1047
1047 1047
1047 1047
1047 1047
1047 1047
1047 1047
1047 1047
1047 1047
1047 1047
1047 1047
1047 1047
1047 1047
1047 1047
1047 1047
1047 1047
1047 1047
1047 1047
1047 1047
1047 1047
1047 1047
1047 1047
1047 1047
1047 1047
1047 1047
1047 1047
1047 1047
1047 1047
1047 1047
1047 1047
1047 1047
1047 1047
1047 1047
1047 1047
1047 1047
1047 1047
1047 1047
1047 1047
1047 1047
1047 1047
1047 1047
1047 1047
1047 1047
1047 1047
1047 1047
1047 1047
1047 1047
1047 1047
1047 1047
1047 1047
1047 1047
1047 1047
1047 1047
1047 1047
1047 1047
1047 1047
1047 1047
1047 1047
1047 1047
1047 1047
1047 1047
1047 1047
1047 1047
1047 1047
1047 1047
1047 1047
1047 1047
1047 1047
1047 1047
1047 1047
1047 1047
1047 1047
1047 1047
1047 1047
1047 1047
1047 1047
1047 1047
1047 1047
1047 1047
1047 1047
1047 1047
1047 1047
1047 1047
1047 1047
1047 1047
1047 1047
1047 1047
1047 1047
1047 1047
1047 1047
1047 1047
1047 1047
1047 1047
1047 1047
1047 1047
1047 1047
1047 1047
1047 1047
1047 1047
1047 1047
1047 1047
1047 1047
1047 1047
1047 1047
1047 1047
1047 1047
1047 1047
1047 1047
1047 1047
1047 1047
1047 1047
1047 1047
1047 1047
1047 1047
1047 1047
1047 1047
1047 1047
1047 1047
1047 1047
1047 1047
1047 1047
1047 1047
1047 1047
1047 1047
1047 1047
1047 1047
1047 1047
1047 1047
1047 1047
1047 1047
1047 1047
1047 1047
1047 1047
1047 1047
1047 1047
1047 1047
1047 1047
1047 1047
1048 1048
1048 1048
1048 1048
1048 1048
1048 1048
1048 1048
1048 1048
1048 1048
1048 1048
1048 1048
1048 1048
1048 1048
1048 1048
1048 1048
1048 1048
1048 1048
1048 1048
1048 1048
1048 1048
1048 1048
1048 1048
1048 1048
1048 1048
1048 1048
1048 1048
1048 1048
1048 1048
1048 1048
1048 1048
1048 1048
1048 1048
1048 1048
1048 1048
1048 1048
1048 1048
1048 1048
1048 1048
1048 1048
1048 1048
1048 1048
1048 1048
1048 1048
1048 1048
1048 1048
1048 1048
1048 1048
1048 1048
1048 1048
1048 1048
1048 1048
1048 1048
1048 1048
1048 1048
1048 1048
1048 1048
1048 1048
1048 1048
1048 1048
1048 1048
1048 1048
1048 1048
1048 1048
1048 1048
1048 1048
1048 1048
1048 1048
1048 1048
1048 1048
1048 1048
1048 1048
1048 1048
1048 1048
1048 1048
1048 1048
1048 1048
1048 1048
1048 1048
1048 1048
1048 1048
1048 1048
1048 1048
1049 1049
1049 1049
1049 1049
1049 1049
1049 1049
1049 1049
1049 1049
1049 1049
1049 1049
1049 1049
1049 1049
1049 1049
1049 1049
1049 1049
1049 1049
1049 1049
1049 1049
1049 1049
1049 1049
1049 1049
1049 1049
1049 1049
1049 1049
1049 1049
1049 1049
1049 1049
1049 1049
1049 1049
1049 1049
1049 1049
1049 1049
1049 1049
1049 1049
1049 1049
1049 1049
1049 1049
1049 1049
1049 1049
1049 1049
1049 1049
1049 1049
1049 1049
1049 1049
1049 1049
1049 1049
1049 1049
1049 1049
1049 1049
1049 1049
1049 1049
1049 1049
1049 1049
1049 1049
1049 1049
1049 1049
1049 1049
1049 1049
1049 1049
1049 1049
1049 1049
1049 1049
1049 1049
1049 1049
1049 1049
1049 1049
1049 1049
1049 1049
1049 1049
1049 1049
1049 1049
1049 1049
1049 1049
1049 1049
1049 1049
1049 1049
1049 1049
1049 1049
1049 1049
1049 1049
1049 1049
1049 1049
1049 1049
1049 1049
1049 1049
1049 1049
1049 1049
1049 1049
1049 1049
1049 1049
1049 1049
1049 1049
1049 1049
1049 1049
1049 1049
1049 1049
1049 1049
1049 1049
1049 1049
1049 1049
1049 1049
1049 1049
1049 1049
1049 1049
1049 1049
1049 1049
1049 1049
1049 1049
1049 1049
1049 1049
1049 1049
1049 1049
1049 1049
1049 1049
1049 1049
1049 1049
1049 1049
1049 1049
1049 1049
1049 1049
1049 1049
1049 1049
1049 1049
1049 1049
1049 1049
1050 1050
1050 1050
1050 1050
1050 1050
1050 1050
1050 1050
1050 1050
1050 1050
1050 1050
1050 1050
1050 1050
1050 1050
1050 1050
1050 1050
1050 1050
1050 1050
1050 1050
1050 1050
1050 1050
1050 1050
1050 1050
1050 1050
1050 1050
1050 1050
1050 1050
1050 1050
1050 1050
1050 1050
1050 1050
1050 1050
1050 1050
1050 1050
1050 1050
1050 1050
1050 1050
1050 1050
1050 1050
1050 1050
1050 1050
1050 1050
1050 1050
1050 1050
1050 1050
1050 1050
1050 1050
1050 1050
1050 1050
1050 1050
1050 1050
1050 1050
1050 1050
1050 1050
1050 1050
1050 1050
1050 1050
1050 1050
1050 1050
1050 1050
1050 1050
1050 1050
1050 1050
1050 1050
1050 1050
1050 1050
1050 1050
1050 1050
1050 1050
1050 1050
1050 1050
1050 1050
1050 1050
1050 1050
1050 1050
1050 1050
1050 1050
1050 1050
1050 1050
1050 1050
1050 1050
1050 1050
1050 1050
1050 1050
1050 1050
1050 1050
1050 1050
1050 1050
1050 1050
1050 1050
1050 1050
1050 1050
1050 1050
1050 1050
1050 1050
1050 1050
1050 1050
1050 1050
1050 1050
1050 1050
1050 1050
1050 1050
1050 1050
1050 1050
1050 1050
1050 1050
1050 1050
1050 1050
1050 1050
1050 1050
1050 1050
1050 1050
1050 1050
1050 1050
1050 1050
1050 1050
1050 1050
1050 1050
1050 1050
1050 1050
1050 1050
1050 1050
1050 1050
1050 1050
1050 1050
1050 1050
1050 1050
1050 1050
1050 1050
1050 1050
1050 1050
1050 1050
1050 1050
1050 1050
1050 1050
1050 1050
1050 1050
1050 1050
1050 1050
1050 1050
1050 1050
1050 1050
1050 1050
1050 1050
1050 1050
1050 1050
1050 1050
1050 1050
1050 1050
1050 1050
1050 1050
1050 1050
1050 1050
1050 1050
1050 1050
1050 1050
1050 1050
1050 1050
1050 1050
1050 1050
1050 1050
1050 1050
1050 1050
1050 1050
1050 1050
1050 1050
1050 1050
1050 1050
1050 1050
1050 1050
1050 1050
1050 1050
1050 1050
1050 1050
1050 1050
1050 1050
1050 1050
1050 1050
1050 1050
1050 1050
1050 1050
1050 1050
1050 1050
1050 1050
1050 1050
1050 1050
1050 1050
1050 1050
1050 1050
1050 1050
1050 1050
1050 1050
1050 1050
1050 1050
1050 1050
1050 1050
1050 1050
1050 1050
1050 1050
1050 1050
1050 1050
1050 1050
1050 1050
1050 1050
1050 1050
1050 1050
1050 1050
1050 1050
1050 1050
1050 1050
1050 1050
1050 1050
1050 1050
1050 1050
1050 1050
1050 1050
1050 1050
1050 1050
1050 1050
1050 1050
1050 1050
1050 1050
1050 1050
1050 1050
1050 1050
1050 1050
1050 1050
1050 1050
1050 1050
1050 1050
1050 1050
1050 1050
1050 1050
1050 1050
1050 1050
1050 1050
1050 1050
1050 1050
1050 1050
1050 1050
1050 1050
1050 1050
1050 1050
1050 1050
1050 1050
1050 1050
1050 1050
1050 1050
1050 1050
1050 1050
1050 1050
1050 1050
1050 1050
1050 1050
1050 1050
1050 1050
1050 1050
1050 1050
1050 1050
1050 1050
1050 1050
1050 1050
1050 1050
1050 1050
1050 1050
1050 1050
1050 1050
1050 1050
1050 1050
1050 1050
1050 1050
1050 1050
1050 1050
1050 1050
1050 1050
1050 1050
1050 1050
1050 1050
1050 1050
1050 1050
1050 1050
1050 1050
1050 1050
1050 1050
1050 1050
1050 1050
1050 1050
1050 1050
1050 1050
1050 1050
1051 1051
1051 1051
1051 1051
1051 1051
1051 1051
1051 1051
1051 1051
1051 1051
1051 1051
1051 1051
1051 1051
1051 1051
1051 1051
1051 1051
1051 1051
1051 1051
1051 1051
1051 1051
1051 1051
1051 1051
1051 1051
1051 1051
1051 1051
1051 1051
1051 1051
1051 1051
1051 1051
1051 1051
1051 1051
1051 1051
1051 1051
1051 1051
1051 1051
1051 1051
1051 1051
1051 1051
1051 1051
1051 1051
1051 1051
1051 1051
1051 1051
1051 1051
1051 1051
1051 1051
1051 1051
1051 1051
1051 1051
1051 1051
1051 1051
1051 1051
1051 1051
1051 1051
1051 1051
1051 1051
1051 1051
1051 1051
1051 1051
1051 1051
1051 1051
1051 1051
1051 1051
1051 1051
1051 1051
1051 1051
1051 1051
1051 1051
1051 1051
1051 1051
1051 1051
1051 1051
1051 1051
1051 1051
1051 1051
1051 1051
1051 1051
1051 1051
1051 1051
1051 1051
1051 1051
1051 1051
1051 1051
1051 1051
1051 1051
1051 1051
1051 1051
1051 1051
1051 1051
1051 1051
1051 1051
1051 1051
1051 1051
1051 1051
1051 1051
1051 1051
1051 1051
1051 1051
1051 1051
1051 1051
1051 1051
1051 1051
1051 1051
1051 1051
1051 1051
1051 1051
1051 1051
1051 1051
1051 1051
1051 1051
1051 1051
1051 1051
1051 1051
1051 1051
1051 1051
1051 1051
1051 1051
1051 1051
1051 1051
1051 1051
1051 1051
1051 1051
1052 1052
1052 1052
1052 1052
1052 1052
1052 1052
1052 1052
1052 1052
1052 1052
1052 1052
1052 1052
1052 1052
1052 1052
1052 1052
1052 1052
1053 1053
1053 1053
1053 1053
1053 1053
1053 1053
1053 1053
1053 1053
1053 1053
1053 1053
1053 1053
1053 1053
1053 1053
1053 1053
1053 1053
1053 1053
1053 1053
1053 1053
1053 1053
1053 1053
1053 1053
1053 1053
1053 1053
1053 1053
1053 1053
1053 1053
1053 1053
1053 1053
1053 1053
1053 1053
1053 1053
1053 1053
1053 1053
1053 1053
1053 1053
1053 1053
1053 1053
1053 1053
1053 1053
1053 1053
1053 1053
1053 1053
1053 1053
1053 1053
1053 1053
1053 1053
1053 1053
1053 1053
1053 1053
1053 1053
1053 1053
1053 1053
1053 1053
1053 1053
1053 1053
1053 1053
1053 1053
1053 1053
1053 1053
1053 1053
1053 1053
1053 1053
1053 1053
1053 1053
1053 1053
1053 1053
1053 1053
1053 1053
1053 1053
1053 1053
1053 1053
1053 1053
1053 1053
1053 1053
1053 1053
1053 1053
1053 1053
1053 1053
1053 1053
1053 1053
1053 1053
1053 1053
1053 1053
1053 1053
1053 1053
1053 1053
1053 1053
1053 1053
1053 1053
1053 1053
1053 1053
1053 1053
1053 1053
1053 1053
1053 1053
1053 1053
1053 1053
1053 1053
1053 1053
1053 1053
1053 1053
1053 1053
1053 1053
1053 1053
1053 1053
1053 1053
1053 1053
1053 1053
1053 1053
1053 1053
1053 1053
1053 1053
1053 1053
1053 1053
1053 1053
1053 1053
1053 1053
1053 1053
1053 1053
1053 1053
1053 1053
1053 1053
1053 1053
1053 1053
1053 1053
1053 1053
1053 1053
1053 1053
1053 1053
1053 1053
1053 1053
1053 1053
1053 1053
1053 1053
1053 1053
1053 1053
1053 1053
1053 1053
1053 1053
1053 1053
1053 1053
1053 1053
1053 1053
1053 1053
1053 1053
1053 1053
1053 1053
1053 1053
1053 1053
1053 1053
1053 1053
1053 1053
1053 1053
1053 1053
1053 1053
1053 1053
1053 1053
1053 1053
1053 1053
1053 1053
1053 1053
1053 1053
1053 1053
1053 1053
1053 1053
1053 1053
1053 1053
1053 1053
1053 1053
1053 1053
1053 1053
1053 1053
1053 1053
1053 1053
1053 1053
1053 1053
1053 1053
1053 1053
1053 1053
1053 1053
1053 1053
1053 1053
1053 1053
1053 1053
1053 1053
1053 1053
1053 1053
1053 1053
1053 1053
1053 1053
1053 1053
1053 1053
1053 1053
1053 1053
1053 1053
1053 1053
1053 1053
1053 1053
1053 1053
1053 1053
1053 1053
1053 1053
1053 1053
1053 1053
1053 1053
1053 1053
1053 1053
1053 1053
1053 1053
1053 1053
1053 1053
1053 1053
1053 1053
1053 1053
1053 1053
1053 1053
1053 1053
1053 1053
1053 1053
1053 1053
1053 1053
1053 1053
1053 1053
1053 1053
1053 1053
1053 1053
1053 1053
1054 1054
1054 1054
1054 1054
1054 1054
1054 1054
1054 1054
1054 1054
1054 1054
1054 1054
1054 1054
1054 1054
1054 1054
1054 1054
1054 1054
1054 1054
1054 1054
1054 1054
1054 1054
1054 1054
1054 1054
1054 1054
1054 1054
1054 1054
1054 1054
1054 1054
1054 1054
1054 1054
1054 1054
1054 1054
1054 1054
1054 1054
1054 1054
1054 1054
1054 1054
1054 1054
1054 1054
1054 1054
1054 1054
1054 1054
1054 1054
1054 1054
1054 1054
1054 1054
1054 1054
1054 1054
1054 1054
1054 1054
1054 1054
1054 1054
1054 1054
1054 1054
1054 1054
1054 1054
1054 1054
1054 1054
1054 1054
1054 1054
1054 1054
1054 1054
1054 1054
1054 1054
1054 1054
1054 1054
1054 1054
1054 1054
1054 1054
1054 1054
1054 1054
1054 1054
1054 1054
1054 1054
1054 1054
1054 1054
1054 1054
1054 1054
1054 1054
1054 1054
1054 1054
1054 1054
1054 1054
1054 1054
1054 1054
1054 1054
1054 1054
1054 1054
1054 1054
1054 1054
1054 1054
1054 1054
1054 1054
1054 1054
1054 1054
1054 1054
1054 1054
1054 1054
1054 1054
1054 1054
1054 1054
1054 1054
1054 1054
1054 1054
1054 1054
1054 1054
1054 1054
1054 1054
1054 1054
1054 1054
1054 1054
1054 1054
1054 1054
1054 1054
1054 1054
1054 1054
1054 1054
1054 1054
1054 1054
1054 1054
1054 1054
1054 1054
1054 1054
1054 1054
1054 1054
1054 1054
1054 1054
1054 1054
1054 1054
1054 1054
1054 1054
1054 1054
1054 1054
1054 1054
1054 1054
1054 1054
1054 1054
1054 1054
1054 1054
1054 1054
1054 1054
1054 1054
1054 1054
1054 1054
1054 1054
1054 1054
1054 1054
1054 1054
1054 1054
1054 1054
1054 1054
1054 1054
1054 1054
1054 1054
1054 1054
1054 1054
1054 1054
1054 1054
1054 1054
1054 1054
1054 1054
1054 1054
1054 1054
1054 1054
1054 1054
1054 1054
1054 1054
1054 1054
1054 1054
1054 1054
1054 1054
1054 1054
1054 1054
1054 1054
1054 1054
1054 1054
1054 1054
1054 1054
1054 1054
1054 1054
1054 1054
1054 1054
1054 1054
1054 1054
1054 1054
1054 1054
1054 1054
1054 1054
1054 1054
1054 1054
1054 1054
1054 1054
1054 1054
1054 1054
1054 1054
1054 1054
1054 1054
1054 1054
1054 1054
1054 1054
1054 1054
1054 1054
1054 1054
1054 1054
1054 1054
1054 1054
1054 1054
1054 1054
1054 1054
1054 1054
1054 1054
1054 1054
1054 1054
1054 1054
1054 1054
1054 1054
1054 1054
1054 1054
1054 1054
1054 1054
1054 1054
1054 1054
1054 1054
1054 1054
1054 1054
1054 1054
1054 1054
1054 1054
1054 1054
1054 1054
1054 1054
1054 1054
1054 1054
1054 1054
1054 1054
1054 1054
1054 1054
1054 1054
1054 1054
1054 1054
1054 1054
1054 1054
1054 1054
1054 1054
1054 1054
1054 1054
1054 1054
1054 1054
1054 1054
1054 1054
1054 1054
1054 1054
1054 1054
1054 1054
1054 1054
1054 1054
1054 1054
1054 1054
1054 1054
1054 1054
1054 1054
1054 1054
1054 1054
1054 1054
1054 1054
1054 1054
1054 1054
1054 1054
1054 1054
1054 1054
1054 1054
1054 1054
1054 1054
1054 1054
1054 1054
1054 1054
1054 1054
1054 1054
1054 1054
1054 1054
1054 1054
1054 1054
1054 1054
1054 1054
1054 1054
1054 1054
1054 1054
1054 1054
1054 1054
1054 1054
1054 1054
1054 1054
1054 1054
1054 1054
1054 1054
1054 1054
1054 1054
1054 1054
1054 1054
1054 1054
1054 1054
1054 1054
1054 1054
1054 1054
1054 1054
1054 1054
1054 1054
1054 1054
1054 1054
1054 1054
1054 1054
1054 1054
1054 1054
1054 1054
1054 1054
1054 1054
1054 1054
1054 1054
1054 1054
1054 1054
1054 1054
1054 1054
1054 1054
1054 1054
1054 1054
1054 1054
1054 1054
1054 1054
1054 1054
1054 1054
1054 1054
1054 1054
1054 1054
1054 1054
1054 1054
1054 1054
1054 1054
1054 1054
1054 1054
1054 1054
1054 1054
1054 1054
1054 1054
1054 1054
1054 1054
1054 1054
1054 1054
1054 1054
1054 1054
1054 1054
1054 1054
1054 1054
1054 1054
1054 1054
1054 1054
1054 1054
1054 1054
1054 1054
1054 1054
1054 1054
1054 1054
1054 1054
1054 1054
1054 1054
1054 1054
1054 1054
1054 1054
1054 1054
1054 1054
1054 1054
1054 1054
1054 1054
1054 1054
1054 1054
1054 1054
1054 1054
1054 1054
1054 1054
1054 1054
1054 1054
1054 1054
1054 1054
1054 1054
1054 1054
1054 1054
1054 1054
1054 1054
1054 1054
1054 1054
1054 1054
1054 1054
1054 1054
1054 1054
1054 1054
1054 1054
1054 1054
1054 1054
1054 1054
1054 1054
1054 1054
1054 1054
1054 1054
1054 1054
1054 1054
1054 1054
1054 1054
1054 1054
1054 1054
1054 1054
1054 1054
1054 1054
1054 1054
1054 1054
1054 1054
1054 1054
1054 1054
1054 1054
1054 1054
1054 1054
1054 1054
1054 1054
1054 1054
1054 1054
1054 1054
1054 1054
1054 1054
1054 1054
1054 1054
1054 1054
1054 1054
1054 1054
1054 1054
1054 1054
1054 1054
1054 1054
1054 1054
1054 1054
1054 1054
1054 1054
1054 1054
1054 1054
1054 1054
1054 1054
1054 1054
1054 1054
1054 1054
1054 1054
1054 1054
1054 1054
1054 1054
1054 1054
1054 1054
1054 1054
1054 1054
1054 1054
1054 1054
1054 1054
1054 1054
1054 1054
1054 1054
1054 1054
1054 1054
1054 1054
1054 1054
1054 1054
1054 1054
1054 1054
1054 1054
1054 1054
1054 1054
1054 1054
1054 1054
1054 1054
1054 1054
1054 1054
1054 1054
1054 1054
1054 1054
1054 1054
1054 1054
1054 1054
1054 1054
1054 1054
1054 1054
1054 1054
1054 1054
1054 1054
1054 1054
1054 1054
1054 1054
1054 1054
1054 1054
1054 1054
1054 1054
1054 1054
1054 1054
1054 1054
1054 1054
1054 1054
1054 1054
1054 1054
1054 1054
1054 1054
1054 1054
1054 1054
1054 1054
1054 1054
1054 1054
1054 1054
1054 1054
1054 1054
1054 1054
1054 1054
1054 1054
1054 1054
1054 1054
1054 1054
1054 1054
1054 1054
1054 1054
1054 1054
1054 1054
1054 1054
1054 1054
1054 1054
1054 1054
1054 1054
1054 1054
1054 1054
1054 1054
1054 1054
1054 1054
1054 1054
1054 1054
1054 1054
1054 1054
1054 1054
1054 1054
1054 1054
1054 1054
1054 1054
1054 1054
1054 1054
1054 1054
1054 1054
1054 1054
1054 1054
1054 1054
1054 1054
1054 1054
1054 1054
1054 1054
1054 1054
1054 1054
1054 1054
1054 1054
1054 1054
1054 1054
1054 1054
1054 1054
1054 1054
1054 1054
1054 1054
1054 1054
1054 1054
1054 1054
1054 1054
1054 1054
1054 1054
1054 1054
1054 1054
1054 1054
1054 1054
1054 1054
1054 1054
1054 1054
1054 1054
1054 1054
1054 1054
1054 1054
1054 1054
1054 1054
1054 1054
1054 1054
1054 1054
1054 1054
1054 1054
1054 1054
1054 1054
1054 1054
1054 1054
1054 1054
1054 1054
1054 1054
1054 1054
1054 1054
1054 1054
1054 1054
1054 1054
1054 1054
1054 1054
1054 1054
1054 1054
1054 1054
1054 1054
1054 1054
1054 1054
1054 1054
1054 1054
1054 1054
1054 1054
1054 1054
1054 1054
1054 1054
1054 1054
1054 1054
1054 1054
1054 1054
1054 1054
1054 1054
1054 1054
1054 1054
1054 1054
1054 1054
1054 1054
1054 1054
1054 1054
1054 1054
1054 1054
1054 1054
1054 1054
1054 1054
1054 1054
1054 1054
1054 1054
1054 1054
1054 1054
1054 1054
1054 1054
1054 1054
1054 1054
1054 1054
1054 1054
1054 1054
1054 1054
1054 1054
1054 1054
1054 1054
1054 1054
1054 1054
1054 1054
1054 1054
1054 1054
1054 1054
1054 1054
1054 1054
1054 1054
1054 1054
1054 1054
1054 1054
1054 1054
1054 1054
1054 1054
1054 1054
1054 1054
1054 1054
1054 1054
1054 1054
1054 1054
1054 1054
1054 1054
1054 1054
1054 1054
1054 1054
1054 1054
1054 1054
1054 1054
1054 1054
1054 1054
1054 1054
1054 1054
1054 1054
1054 1054
1054 1054
1054 1054
1054 1054
1054 1054
1054 1054
1055 1055
1055 1055
1055 1055
1055 1055
1055 1055
1055 1055
1055 1055
1055 1055
1055 1055
1055 1055
1055 1055
1055 1055
1055 1055
1055 1055
1055 1055
1055 1055
1055 1055
1055 1055
1055 1055
1055 1055
1055 1055
1055 1055
1055 1055
1055 1055
1055 1055
1055 1055
1055 1055
1055 1055
1055 1055
1055 1055
1055 1055
1055 1055
1055 1055
1055 1055
1055 1055
1055 1055
1055 1055
1055 1055
1055 1055
1055 1055
1055 1055
1055 1055
1055 1055
1055 1055
1055 1055
1055 1055
1055 1055
1055 1055
1055 1055
1055 1055
1055 1055
1055 1055
1055 1055
1055 1055
1055 1055
1055 1055
1055 1055
1055 1055
1055 1055
1055 1055
1055 1055
1055 1055
1055 1055
1055 1055
1055 1055
1055 1055
1056 1056
1056 1056
1056 1056
1056 1056
1056 1056
1056 1056
1056 1056
1057 1057
1057 1057
1057 1057
1057 1057
1057 1057
1057 1057
1057 1057
1057 1057
1057 1057
1057 1057
1057 1057
1057 1057
1057 1057
1057 1057
1057 1057
1057 1057
1057 1057
1057 1057
1057 1057
1057 1057
1057 1057
1057 1057
1057 1057
1057 1057
1057 1057
1057 1057
1057 1057
1057 1057
1057 1057
1057 1057
1057 1057
1057 1057
1057 1057
1057 1057
1057 1057
1057 1057
1057 1057
1057 1057
1057 1057
1057 1057
1057 1057
1057 1057
1057 1057
1057 1057
1057 1057
1057 1057
1057 1057
1057 1057
1057 1057
1057 1057
1057 1057
1057 1057
1057 1057
1057 1057
1057 1057
1057 1057
1057 1057
1057 1057
1057 1057
1057 1057
1057 1057
1057 1057
1057 1057
1057 1057
1057 1057
1057 1057
1057 1057
1057 1057
1057 1057
1057 1057
1057 1057
1057 1057
1057 1057
1057 1057
1057 1057
1057 1057
1057 1057
1057 1057
1057 1057
1057 1057
1057 1057
1057 1057
1057 1057
1057 1057
1057 1057
1057 1057
1057 1057
1057 1057
1057 1057
1057 1057
1057 1057
1057 1057
1057 1057
1057 1057
1057 1057
1057 1057
1057 1057
1057 1057
1057 1057
1057 1057
1057 1057
1057 1057
1057 1057
1057 1057
1057 1057
1057 1057
1057 1057
1057 1057
1057 1057
1057 1057
1057 1057
1057 1057
1057 1057
1057 1057
1057 1057
1057 1057
1057 1057
1057 1057
1057 1057
1057 1057
1057 1057
1057 1057
1057 1057
1057 1057
1057 1057
1057 1057
1057 1057
1057 1057
1057 1057
1057 1057
1057 1057
1057 1057
1057 1057
1057 1057
1057 1057
1057 1057
1057 1057
1057 1057
1057 1057
1057 1057
1057 1057
1057 1057
1057 1057
1057 1057
1057 1057
1057 1057
1057 1057
1057 1057
1057 1057
1057 1057
1057 1057
1057 1057
1057 1057
1057 1057
1057 1057
1057 1057
1057 1057
1057 1057
1057 1057
1057 1057
1057 1057
1057 1057
1057 1057
1057 1057
1057 1057
1057 1057
1057 1057
1057 1057
1057 1057
1057 1057
1057 1057
1057 1057
1057 1057
1057 1057
1057 1057
1057 1057
1057 1057
1057 1057
1057 1057
1057 1057
1057 1057
1057 1057
1057 1057
1057 1057
1057 1057
1057 1057
1057 1057
1057 1057
1057 1057
1057 1057
1057 1057
1057 1057
1057 1057
1057 1057
1057 1057
1057 1057
1057 1057
1057 1057
1057 1057
1057 1057
1057 1057
1057 1057
1057 1057
1057 1057
1057 1057
1057 1057
1057 1057
1057 1057
1057 1057
1057 1057
1057 1057
1057 1057
1057 1057
1057 1057
1057 1057
1057 1057
1057 1057
1057 1057
1057 1057
1057 1057
1057 1057
1057 1057
1057 1057
1057 1057
1057 1057
1057 1057
1057 1057
1057 1057
1057 1057
1057 1057
1057 1057
1057 1057
1057 1057
1057 1057
1057 1057
1057 1057
1057 1057
1057 1057
1057 1057
1057 1057
1057 1057
1057 1057
1057 1057
1057 1057
1057 1057
1057 1057
1057 1057
1057 1057
1057 1057
1057 1057
1057 1057
1057 1057
1057 1057
1057 1057
1057 1057
1057 1057
1057 1057
1057 1057
1057 1057
1057 1057
1057 1057
1057 1057
1057 1057
1057 1057
1057 1057
1057 1057
1057 1057
1057 1057
1057 1057
1057 1057
1057 1057
1057 1057
1057 1057
1057 1057
1057 1057
1057 1057
1057 1057
1057 1057
1057 1057
1057 1057
1057 1057
1057 1057
1057 1057
1057 1057
1057 1057
1057 1057
1057 1057
1057 1057
1057 1057
1057 1057
1057 1057
1057 1057
1057 1057
1057 1057
1057 1057
1057 1057
1057 1057
1057 1057
1057 1057
1057 1057
1057 1057
1057 1057
1057 1057
1057 1057
1057 1057
1057 1057
1057 1057
1057 1057
1057 1057
1057 1057
1057 1057
1057 1057
1057 1057
1057 1057
1057 1057
1057 1057
1057 1057
1057 1057
1057 1057
1057 1057
1057 1057
1057 1057
1057 1057
1057 1057
1057 1057
1057 1057
1057 1057
1057 1057
1057 1057
1057 1057
1057 1057
1057 1057
1057 1057
1057 1057
1057 1057
1057 1057
1057 1057
1057 1057
1057 1057
1057 1057
1057 1057
1057 1057
1057 1057
1057 1057
1057 1057
1057 1057
1057 1057
1057 1057
1057 1057
1057 1057
1057 1057
1057 1057
1057 1057
1057 1057
1057 1057
1057 1057
1057 1057
1057 1057
1057 1057
1057 1057
1057 1057
1057 1057
1057 1057
1057 1057
1057 1057
1057 1057
1057 1057
1057 1057
1057 1057
1057 1057
1057 1057
1057 1057
1057 1057
1057 1057
1057 1057
1057 1057
1057 1057
1057 1057
1057 1057
1057 1057
1057 1057
1057 1057
1057 1057
1057 1057
1057 1057
1057 1057
1057 1057
1057 1057
1057 1057
1057 1057
1057 1057
1057 1057
1057 1057
1057 1057
1057 1057
1057 1057
1057 1057
1057 1057
1057 1057
1057 1057
1057 1057
1057 1057
1057 1057
1057 1057
1057 1057
1057 1057
1057 1057
1057 1057
1057 1057
1057 1057
1057 1057
1057 1057
1057 1057
1057 1057
1057 1057
1057 1057
1057 1057
1057 1057
1057 1057
1057 1057
1057 1057
1057 1057
1057 1057
1057 1057
1057 1057
1057 1057
1057 1057
1057 1057
1057 1057
1057 1057
1057 1057
1057 1057
1057 1057
1057 1057
1057 1057
1057 1057
1057 1057
1057 1057
1057 1057
1057 1057
1057 1057
1057 1057
1057 1057
1057 1057
1057 1057
1057 1057
1057 1057
1057 1057
1057 1057
1057 1057
1057 1057
1057 1057
1057 1057
1057 1057
1057 1057
1057 1057
1057 1057
1057 1057
1057 1057
1057 1057
1057 1057
1057 1057
1057 1057
1057 1057
1057 1057
1057 1057
1057 1057
1057 1057
1057 1057
1057 1057
1057 1057
1057 1057
1057 1057
1057 1057
1057 1057
1057 1057
1057 1057
1057 1057
1057 1057
1057 1057
1057 1057
1057 1057
1057 1057
1057 1057
1057 1057
1057 1057
1057 1057
1057 1057
1057 1057
1057 1057
1057 1057
1057 1057
1057 1057
1057 1057
1057 1057
1057 1057
1057 1057
1057 1057
1057 1057
1057 1057
1057 1057
1057 1057
1057 1057
1057 1057
1057 1057
1057 1057
1057 1057
1057 1057
1057 1057
1057 1057
1057 1057
1057 1057
1057 1057
1057 1057
1057 1057
1057 1057
1057 1057
1057 1057
1057 1057
1057 1057
1057 1057
1057 1057
1057 1057
1057 1057
1057 1057
1057 1057
1057 1057
1057 1057
1057 1057
1057 1057
1057 1057
1057 1057
1057 1057
1057 1057
1057 1057
1057 1057
1057 1057
1057 1057
1057 1057
1057 1057
1057 1057
1057 1057
1057 1057
1057 1057
1057 1057
1057 1057
1057 1057
1057 1057
1057 1057
1057 1057
1057 1057
1057 1057
1057 1057
1057 1057
1057 1057
1057 1057
1057 1057
1057 1057
1057 1057
1057 1057
1057 1057
1057 1057
1057 1057
1057 1057
1057 1057
1057 1057
1057 1057
1057 1057
1057 1057
1057 1057
1057 1057
1057 1057
1057 1057
1057 1057
1057 1057
1057 1057
1057 1057
1057 1057
1057 1057
1057 1057
1057 1057
1057 1057
1057 1057
1057 1057
1057 1057
1057 1057
1057 1057
1057 1057
1057 1057
1057 1057
1057 1057
1057 1057
1057 1057
1057 1057
1057 1057
1057 1057
1057 1057
1057 1057
1057 1057
1057 1057
1057 1057
1057 1057
1057 1057
1057 1057
1057 1057
1057 1057
1057 1057
1057 1057
1057 1057
1057 1057
1057 1057
1057 1057
1057 1057
1057 1057
1057 1057
1057 1057
1057 1057
1057 1057
1057 1057
1057 1057
1057 1057
1057 1057
1057 1057
1057 1057
1057 1057
1057 1057
1057 1057
1057 1057
1057 1057
1057 1057
1057 1057
1057 1057
1057 1057
1057 1057
1057 1057
1057 1057
1057 1057
1057 1057
1057 1057
1057 1057
1057 1057
1057 1057
1057 1057
1057 1057
1057 1057
1057 1057
1057 1057
1057 1057
1057 1057
1057 1057
1057 1057
1057 1057
1057 1057
1057 1057
1057 1057
1057 1057
1057 1057
1057 1057
1057 1057
1057 1057
1057 1057
1057 1057
1057 1057
1057 1057
1057 1057
1057 1057
1057 1057
1057 1057
1057 1057
1057 1057
1057 1057
1057 1057
1057 1057
1057 1057
1057 1057
1057 1057
1057 1057
1057 1057
1057 1057
1057 1057
1057 1057
1057 1057
1057 1057
1057 1057
1057 1057
1057 1057
1057 1057
1057 1057
1057 1057
1057 1057
1057 1057
1057 1057
1057 1057
1057 1057
1057 1057
1057 1057
1057 1057
1057 1057
1057 1057
1057 1057
1057 1057
1057 1057
1057 1057
1057 1057
1057 1057
1057 1057
1057 1057
1057 1057
1057 1057
1057 1057
1057 1057
1057 1057
1057 1057
1057 1057
1057 1057
1057 1057
1057 1057
1057 1057
1057 1057
1057 1057
1057 1057
1057 1057
1057 1057
1057 1057
1057 1057
1057 1057
1057 1057
1057 1057
1057 1057
1057 1057
1057 1057
1057 1057
1057 1057
1057 1057
1057 1057
1057 1057
1057 1057
1057 1057
1057 1057
1057 1057
1057 1057
1057 1057
1057 1057
1057 1057
1057 1057
1057 1057
1057 1057
1057 1057
1057 1057
1057 1057
1057 1057
1057 1057
1057 1057
1057 1057
1057 1057
1057 1057
1057 1057
1057 1057
1057 1057
1057 1057
1057 1057
1057 1057
1057 1057
1057 1057
1057 1057
1057 1057
1057 1057
1057 1057
1057 1057
1057 1057
1057 1057
1057 1057
1057 1057
1057 1057
1057 1057
1057 1057
1057 1057
1057 1057
1057 1057
1057 1057
1057 1057
1057 1057
1057 1057
1057 1057
1057 1057
1057 1057
1057 1057
1057 1057
1057 1057
1057 1057
1057 1057
1057 1057
1057 1057
1057 1057
1057 1057
1057 1057
1057 1057
1057 1057
1057 1057
1057 1057
1057 1057
1057 1057
1057 1057
1057 1057
1057 1057
1057 1057
1057 1057
1057 1057
1057 1057
1057 1057
1057 1057
1057 1057
1057 1057
1057 1057
1057 1057
1057 1057
1057 1057
1057 1057
1057 1057
1057 1057
1057 1057
1057 1057
1057 1057
1057 1057
1057 1057
1057 1057
1057 1057
1057 1057
1057 1057
1057 1057
1057 1057
1057 1057
1057 1057
1057 1057
1057 1057
1057 1057
1058 1058
1058 1058
1058 1058
1058 1058
1058 1058
1058 1058
1058 1058
1058 1058
1058 1058
1058 1058
1058 1058
1058 1058
1058 1058
1058 1058
1058 1058
1058 1058
1058 1058
1058 1058
1058 1058
1058 1058
1058 1058
1058 1058
1058 1058
1058 1058
1058 1058
1058 1058
1058 1058
1058 1058
1058 1058
1058 1058
1058 1058
1058 1058
1058 1058
1058 1058
1058 1058
1058 1058
1058 1058
1058 1058
1058 1058
1058 1058
1058 1058
1058 1058
1058 1058
1058 1058
1058 1058
1058 1058
1058 1058
1058 1058
1058 1058
1058 1058
1058 1058
1058 1058
1058 1058
1058 1058
1058 1058
1058 1058
1058 1058
1058 1058
1058 1058
1058 1058
1058 1058
1058 1058
1058 1058
1058 1058
1058 1058
1058 1058
1058 1058
1058 1058
1058 1058
1058 1058
1058 1058
1058 1058
1058 1058
1058 1058
1058 1058
1058 1058
1058 1058
1058 1058
1058 1058
1058 1058
1058 1058
1058 1058
1058 1058
1058 1058
1058 1058
1058 1058
1058 1058
1058 1058
1058 1058
1058 1058
1058 1058
1058 1058
1058 1058
1058 1058
1058 1058
1058 1058
1058 1058
1058 1058
1058 1058
1058 1058
1058 1058
1058 1058
1058 1058
1058 1058
1058 1058
1058 1058
1058 1058
1058 1058
1058 1058
1058 1058
1058 1058
1058 1058
1058 1058
1058 1058
1058 1058
1058 1058
1058 1058
1058 1058
1058 1058
1058 1058
1058 1058
1058 1058
1058 1058
1058 1058
1058 1058
1058 1058
1058 1058
1058 1058
1058 1058
1058 1058
1058 1058
1058 1058
1058 1058
1058 1058
1058 1058
1058 1058
1058 1058
1058 1058
1058 1058
1058 1058
1058 1058
1058 1058
1058 1058
1058 1058
1058 1058
1058 1058
1058 1058
1058 1058
1058 1058
1058 1058
1058 1058
1058 1058
1058 1058
1058 1058
1058 1058
1058 1058
1058 1058
1058 1058
1058 1058
1058 1058
1058 1058
1058 1058
1058 1058
1058 1058
1058 1058
1058 1058
1058 1058
1058 1058
1058 1058
1058 1058
1058 1058
1058 1058
1058 1058
1058 1058
1058 1058
1058 1058
1058 1058
1058 1058
1058 1058
1058 1058
1058 1058
1058 1058
1058 1058
1058 1058
1058 1058
1058 1058
1058 1058
1058 1058
1058 1058
1058 1058
1058 1058
1058 1058
1058 1058
1058 1058
1058 1058
1058 1058
1058 1058
1058 1058
1058 1058
1058 1058
1058 1058
1058 1058
1058 1058
1058 1058
1058 1058
1058 1058
1058 1058
1058 1058
1058 1058
1058 1058
1058 1058
1058 1058
1058 1058
1058 1058
1058 1058
1058 1058
1058 1058
1058 1058
1058 1058
1058 1058
1058 1058
1058 1058
1058 1058
1058 1058
1058 1058
1058 1058
1058 1058
1058 1058
1058 1058
1058 1058
1058 1058
1058 1058
1058 1058
1058 1058
1058 1058
1058 1058
1058 1058
1058 1058
1058 1058
1058 1058
1058 1058
1058 1058
1058 1058
1058 1058
1058 1058
1058 1058
1058 1058
1058 1058
1058 1058
1058 1058
1058 1058
1058 1058
1058 1058
1058 1058
1058 1058
1058 1058
1058 1058
1058 1058
1058 1058
1058 1058
1058 1058
1058 1058
1058 1058
1058 1058
1058 1058
1058 1058
1058 1058
1058 1058
1058 1058
1058 1058
1058 1058
1058 1058
1058 1058
1058 1058
1058 1058
1058 1058
1058 1058
1058 1058
1058 1058
1058 1058
1058 1058
1058 1058
1058 1058
1058 1058
1058 1058
1058 1058
1058 1058
1058 1058
1058 1058
1058 1058
1058 1058
1058 1058
1058 1058
1058 1058
1058 1058
1058 1058
1058 1058
1058 1058
1058 1058
1058 1058
1058 1058
1058 1058
1058 1058
1058 1058
1058 1058
1058 1058
1058 1058
1058 1058
1058 1058
1058 1058
1058 1058
1058 1058
1058 1058
1058 1058
1058 1058
1058 1058
1058 1058
1058 1058
1058 1058
1058 1058
1058 1058
1058 1058
1058 1058
1058 1058
1058 1058
1058 1058
1058 1058
1058 1058
1058 1058
1058 1058
1058 1058
1058 1058
1058 1058
1058 1058
1058 1058
1058 1058
1058 1058
1058 1058
1058 1058
1058 1058
1058 1058
1058 1058
1058 1058
1058 1058
1058 1058
1058 1058
1058 1058
1058 1058
1058 1058
1058 1058
1058 1058
1058 1058
1058 1058
1058 1058
1058 1058
1058 1058
1058 1058
1058 1058
1058 1058
1058 1058
1058 1058
1058 1058
1058 1058
1058 1058
1058 1058
1058 1058
1058 1058
1058 1058
1058 1058
1058 1058
1058 1058
1058 1058
1058 1058
1058 1058
1058 1058
1058 1058
1058 1058
1058 1058
1058 1058
1058 1058
1058 1058
1058 1058
1058 1058
1058 1058
1058 1058
1058 1058
1058 1058
1058 1058
1058 1058
1058 1058
1058 1058
1058 1058
1058 1058
1058 1058
1058 1058
1058 1058
1058 1058
1058 1058
1058 1058
1058 1058
1058 1058
1058 1058
1058 1058
1058 1058
1058 1058
1058 1058
1058 1058
1058 1058
1058 1058
1058 1058
1058 1058
1058 1058
1058 1058
1058 1058
1058 1058
1058 1058
1058 1058
1058 1058
1058 1058
1058 1058
1058 1058
1058 1058
1058 1058
1058 1058
1058 1058
1058 1058
1058 1058
1058 1058
1058 1058
1058 1058
1058 1058
1058 1058
1058 1058
1058 1058
1058 1058
1058 1058
1058 1058
1058 1058
1058 1058
1058 1058
1058 1058
1058 1058
1058 1058
1058 1058
1058 1058
1058 1058
1058 1058
1058 1058
1058 1058
1058 1058
1058 1058
1058 1058
1058 1058
1058 1058
1058 1058
1058 1058
1058 1058
1058 1058
1058 1058
1058 1058
1058 1058
1058 1058
1058 1058
1058 1058
1058 1058
1058 1058
1058 1058
1058 1058
1058 1058
1058 1058
1058 1058
1058 1058
1058 1058
1058 1058
1058 1058
1058 1058
1058 1058
1058 1058
1058 1058
1058 1058
1058 1058
1058 1058
1058 1058
1058 1058
1058 1058
1058 1058
1058 1058
1058 1058
1058 1058
1058 1058
1058 1058
1058 1058
1058 1058
1058 1058
1058 1058
1058 1058
1058 1058
1058 1058
1058 1058
1058 1058
1058 1058
1058 1058
1058 1058
1058 1058
1058 1058
1058 1058
1058 1058
1058 1058
1058 1058
1058 1058
1058 1058
1058 1058
1058 1058
1058 1058
1058 1058
1058 1058
1058 1058
1058 1058
1058 1058
1058 1058
1058 1058
1058 1058
1058 1058
1058 1058
1058 1058
1058 1058
1058 1058
1058 1058
1058 1058
1058 1058
1058 1058
1058 1058
1058 1058
1058 1058
1058 1058
1058 1058
1058 1058
1058 1058
1058 1058
1058 1058
1058 1058
1058 1058
1058 1058
1058 1058
1058 1058
1058 1058
1058 1058
1058 1058
1058 1058
1058 1058
1058 1058
1058 1058
1058 1058
1058 1058
1058 1058
1058 1058
1058 1058
1058 1058
1058 1058
1058 1058
1058 1058
1058 1058
1058 1058
1058 1058
1058 1058
1058 1058
1058 1058
1058 1058
1058 1058
1058 1058
1058 1058
1058 1058
1058 1058
1058 1058
1058 1058
1058 1058
1058 1058
1058 1058
1058 1058
1058 1058
1058 1058
1058 1058
1058 1058
1058 1058
1058 1058
1058 1058
1058 1058
1058 1058
1058 1058
1058 1058
1058 1058
1058 1058
1058 1058
1058 1058
1058 1058
1058 1058
1058 1058
1058 1058
1058 1058
1058 1058
1058 1058
1058 1058
1058 1058
1058 1058
1058 1058
1058 1058
1058 1058
1058 1058
1058 1058
1058 1058
1058 1058
1058 1058
1058 1058
1058 1058
1058 1058
1058 1058
1058 1058
1058 1058
1058 1058
1058 1058
1058 1058
1058 1058
1058 1058
1058 1058
1058 1058
1058 1058
1058 1058
1058 1058
1058 1058
1058 1058
1058 1058
1058 1058
1058 1058
1058 1058
1058 1058
1058 1058
1058 1058
1058 1058
1058 1058
1058 1058
1058 1058
1058 1058
1058 1058
1058 1058
1058 1058
1058 1058
1058 1058
1058 1058
1058 1058
1058 1058
1058 1058
1058 1058
1058 1058
1058 1058
1058 1058
1058 1058
1058 1058
1058 1058
1058 1058
1058 1058
1058 1058
1058 1058
1058 1058
1058 1058
1058 1058
1058 1058
1058 1058
1058 1058
1058 1058
1058 1058
1058 1058
1058 1058
1058 1058
1058 1058
1058 1058
1058 1058
1058 1058
1058 1058
1058 1058
1058 1058
1058 1058
1058 1058
1058 1058
1058 1058
1058 1058
1058 1058
1058 1058
1058 1058
1058 1058
1058 1058
1058 1058
1058 1058
1058 1058
1058 1058
1058 1058
1058 1058
1058 1058
1058 1058
1058 1058
1058 1058
1058 1058
1058 1058
1058 1058
1058 1058
1058 1058
1058 1058
1058 1058
1058 1058
1058 1058
1058 1058
1058 1058
1058 1058
1058 1058
1058 1058
1058 1058
1058 1058
1058 1058
1058 1058
1058 1058
1058 1058
1058 1058
1058 1058
1058 1058
1058 1058
1058 1058
1058 1058
1058 1058
1058 1058
1058 1058
1058 1058
1058 1058
1058 1058
1058 1058
1058 1058
1058 1058
1058 1058
1058 1058
1058 1058
1058 1058
1058 1058
1058 1058
1058 1058
1058 1058
1058 1058
1058 1058
1058 1058
1058 1058
1058 1058
1058 1058
1058 1058
1058 1058
1058 1058
1058 1058
1058 1058
1058 1058
1058 1058
1058 1058
1058 1058
1058 1058
1058 1058
1058 1058
1058 1058
1058 1058
1058 1058
1058 1058
1058 1058
1058 1058
1058 1058
1058 1058
1058 1058
1058 1058
1058 1058
1058 1058
1058 1058
1058 1058
1058 1058
1058 1058
1058 1058
1058 1058
1058 1058
1058 1058
1058 1058
1058 1058
1058 1058
1058 1058
1058 1058
1058 1058
1058 1058
1058 1058
1058 1058
1058 1058
1058 1058
1058 1058
1058 1058
1058 1058
1058 1058
1058 1058
1058 1058
1058 1058
1058 1058
1058 1058
1058 1058
1058 1058
1058 1058
1058 1058
1058 1058
1058 1058
1058 1058
1058 1058
1058 1058
1058 1058
1058 1058
1058 1058
1058 1058
1058 1058
1058 1058
1058 1058
1058 1058
1058 1058
1058 1058
1058 1058
1058 1058
1058 1058
1058 1058
1058 1058
1058 1058
1058 1058
1058 1058
1058 1058
1058 1058
1058 1058
1058 1058
1058 1058
1058 1058
1058 1058
1058 1058
1058 1058
1058 1058
1058 1058
1058 1058
1058 1058
1058 1058
1058 1058
1058 1058
1058 1058
1058 1058
1058 1058
1058 1058
1058 1058
1058 1058
1058 1058
1058 1058
1058 1058
1058 1058
1058 1058
1058 1058
1058 1058
1058 1058
1058 1058
1058 1058
1058 1058
1058 1058
1058 1058
1058 1058
1058 1058
1058 1058
1058 1058
1058 1058
1058 1058
1058 1058
1058 1058
1058 1058
1058 1058
1058 1058
1058 1058
1058 1058
1058 1058
1058 1058
1058 1058
1058 1058
1058 1058
1058 1058
1058 1058
1058 1058
1058 1058
1058 1058
1058 1058
1058 1058
1058 1058
1058 1058
1058 1058
1058 1058
1058 1058
1058 1058
1058 1058
1058 1058
1058 1058
1058 1058
1058 1058
1058 1058
1058 1058
1058 1058
1058 1058
1058 1058
1058 1058
1058 1058
1058 1058
1058 1058
1058 1058
1058 1058
1058 1058
1058 1058
1058 1058
1058 1058
1058 1058
1058 1058
1058 1058
1058 1058
1058 1058
1058 1058
1058 1058
1058 1058
1058 1058
1058 1058
1058 1058
1058 1058
1058 1058
1058 1058
1058 1058
1058 1058
1058 1058
1058 1058
1058 1058
1058 1058
1058 1058
1058 1058
1058 1058
1058 1058
1058 1058
1058 1058
1058 1058
1058 1058
1058 1058
1058 1058
1058 1058
1058 1058
1058 1058
1058 1058
1058 1058
1058 1058
1058 1058
1058 1058
1058 1058
1058 1058
1058 1058
1058 1058
1058 1058
1058 1058
1058 1058
1058 1058
1058 1058
1058 1058
1058 1058
1058 1058
1058 1058
1058 1058
1058 1058
1058 1058
1058 1058
1058 1058
1058 1058
1058 1058
1058 1058
1058 1058
1058 1058
1058 1058
1058 1058
1058 1058
1058 1058
1058 1058
1058 1058
1058 1058
1058 1058
1058 1058
1058 1058
1058 1058
1058 1058
1058 1058
1058 1058
1058 1058
1058 1058
1058 1058
1058 1058
1058 1058
1058 1058
1058 1058
1058 1058
1058 1058
1058 1058
1058 1058
1058 1058
1058 1058
1058 1058
1058 1058
1058 1058
1058 1058
1058 1058
1058 1058
1058 1058
1058 1058
1058 1058
1058 1058
1058 1058
1058 1058
1058 1058
1058 1058
1058 1058
1058 1058
1058 1058
1058 1058
1058 1058
1058 1058
1058 1058
1058 1058
1058 1058
1058 1058
1058 1058
1058 1058
1058 1058
1058 1058
1058 1058
1058 1058
1058 1058
1058 1058
1058 1058
1058 1058
1058 1058
1058 1058
1058 1058
1058 1058
1058 1058
1058 1058
1058 1058
1058 1058
1058 1058
1058 1058
1058 1058
1058 1058
1058 1058
1058 1058
1058 1058
1058 1058
1058 1058
1058 1058
1058 1058
1058 1058
1058 1058
1058 1058
1058 1058
1058 1058
1058 1058
1058 1058
1058 1058
1058 1058
1058 1058
1058 1058
1058 1058
1058 1058
1058 1058
1058 1058
1058 1058
1058 1058
1058 1058
1058 1058
1058 1058
1058 1058
1058 1058
1058 1058
1058 1058
1058 1058
1058 1058
1058 1058
1058 1058
1058 1058
1058 1058
1058 1058
1058 1058
1058 1058
1058 1058
1058 1058
1058 1058
1058 1058
1058 1058
1058 1058
1058 1058
1058 1058
1058 1058
1058 1058
1058 1058
1058 1058
1058 1058
1058 1058
1058 1058
1058 1058
1058 1058
1058 1058
1058 1058
1058 1058
1058 1058
1058 1058
1058 1058
1058 1058
1058 1058
1058 1058
1058 1058
1058 1058
1058 1058
1058 1058
1058 1058
1058 1058
1058 1058
1058 1058
1058 1058
1058 1058
1058 1058
1058 1058
1058 1058
1058 1058
1058 1058
1058 1058
1058 1058
1058 1058
1058 1058
1058 1058
1058 1058
1058 1058
1058 1058
1058 1058
1058 1058
1058 1058
1058 1058
1058 1058
1058 1058
1058 1058
1058 1058
1058 1058
1058 1058
1058 1058
1058 1058
1058 1058
1058 1058
1058 1058
1058 1058
1058 1058
1058 1058
1058 1058
1058 1058
1058 1058
1058 1058
1058 1058
1058 1058
1059 1059
1059 1059
1059 1059
1059 1059
1059 1059
1059 1059
1059 1059
1059 1059
1059 1059
1059 1059
1059 1059
1059 1059
1059 1059
1059 1059
1059 1059
1059 1059
1059 1059
1059 1059
1059 1059
1059 1059
1059 1059
1059 1059
1059 1059
1059 1059
1059 1059
1059 1059
1059 1059
1059 1059
1059 1059
1059 1059
1059 1059
1059 1059
1059 1059
1059 1059
1059 1059
1059 1059
1059 1059
1059 1059
1059 1059
1059 1059
1059 1059
1059 1059
1059 1059
1059 1059
1059 1059
1059 1059
1059 1059
1059 1059
1059 1059
1059 1059
1059 1059
1059 1059
1059 1059
1059 1059
1059 1059
1059 1059
1059 1059
1059 1059
1059 1059
1059 1059
1059 1059
1059 1059
1059 1059
1059 1059
1059 1059
1059 1059
1059 1059
1059 1059
1059 1059
1059 1059
1059 1059
1059 1059
1059 1059
1059 1059
1059 1059
1059 1059
1059 1059
1059 1059
1059 1059
1059 1059
1059 1059
1059 1059
1059 1059
1059 1059
1059 1059
1059 1059
1059 1059
1059 1059
1059 1059
1059 1059
1059 1059
1059 1059
1059 1059
1059 1059
1059 1059
1059 1059
1059 1059
1059 1059
1059 1059
1059 1059
1059 1059
1059 1059
1059 1059
1059 1059
1059 1059
1059 1059
1059 1059
1059 1059
1059 1059
1059 1059
1059 1059
1059 1059
1059 1059
1059 1059
1059 1059
1059 1059
1059 1059
1059 1059
1059 1059
1059 1059
1059 1059
1059 1059
1059 1059
1059 1059
1059 1059
1059 1059
1059 1059
1059 1059
1059 1059
1059 1059
1059 1059
1059 1059
1059 1059
1059 1059
1059 1059
1059 1059
1059 1059
1059 1059
1059 1059
1059 1059
1059 1059
1059 1059
1059 1059
1059 1059
1059 1059
1059 1059
1059 1059
1059 1059
1059 1059
1059 1059
1059 1059
1059 1059
1059 1059
1059 1059
1059 1059
1059 1059
1059 1059
1059 1059
1059 1059
1059 1059
1059 1059
1059 1059
1059 1059
1059 1059
1059 1059
1059 1059
1059 1059
1059 1059
1059 1059
1059 1059
1059 1059
1059 1059
1059 1059
1059 1059
1059 1059
1059 1059
1059 1059
1059 1059
1059 1059
1059 1059
1059 1059
1059 1059
1059 1059
1059 1059
1059 1059
1059 1059
1059 1059
1059 1059
1059 1059
1059 1059
1059 1059
1059 1059
1059 1059
1059 1059
1059 1059
1059 1059
1059 1059
1059 1059
1059 1059
1059 1059
1059 1059
1059 1059
1059 1059
1059 1059
1059 1059
1059 1059
1059 1059
1059 1059
1059 1059
1059 1059
1059 1059
1059 1059
1059 1059
1059 1059
1059 1059
1059 1059
1059 1059
1059 1059
1059 1059
1059 1059
1059 1059
1059 1059
1059 1059
1059 1059
1059 1059
1059 1059
1059 1059
1059 1059
1059 1059
1059 1059
1059 1059
1059 1059
1059 1059
1059 1059
1059 1059
1059 1059
1059 1059
1059 1059
1059 1059
1059 1059
1059 1059
1059 1059
1059 1059
1059 1059
1059 1059
1059 1059
1059 1059
1059 1059
1059 1059
1059 1059
1059 1059
1059 1059
1059 1059
1059 1059
1059 1059
1059 1059
1059 1059
1059 1059
1059 1059
1059 1059
1059 1059
1059 1059
1059 1059
1059 1059
1059 1059
1059 1059
1059 1059
1059 1059
1059 1059
1059 1059
1059 1059
1059 1059
1059 1059
1059 1059
1059 1059
1059 1059
1059 1059
1059 1059
1059 1059
1059 1059
1059 1059
1059 1059
1059 1059
1059 1059
1059 1059
1059 1059
1059 1059
1059 1059
1059 1059
1059 1059
1059 1059
1059 1059
1059 1059
1059 1059
1059 1059
1059 1059
1059 1059
1059 1059
1059 1059
1059 1059
1059 1059
1059 1059
1059 1059
1059 1059
1059 1059
1059 1059
1059 1059
1059 1059
1059 1059
1059 1059
1059 1059
1059 1059
1059 1059
1059 1059
1059 1059
1059 1059
1059 1059
1059 1059
1059 1059
1059 1059
1059 1059
1059 1059
1059 1059
1059 1059
1059 1059
1059 1059
1059 1059
1059 1059
1059 1059
1059 1059
1059 1059
1059 1059
1059 1059
1059 1059
1059 1059
1059 1059
1059 1059
1059 1059
1059 1059
1059 1059
1059 1059
1059 1059
1059 1059
1059 1059
1059 1059
1059 1059
1059 1059
1059 1059
1059 1059
1059 1059
1059 1059
1059 1059
1059 1059
1059 1059
1059 1059
1059 1059
1059 1059
1059 1059
1059 1059
1059 1059
1059 1059
1059 1059
1059 1059
1059 1059
1059 1059
1059 1059
1059 1059
1059 1059
1059 1059
1059 1059
1059 1059
1059 1059
1059 1059
1059 1059
1059 1059
1059 1059
1059 1059
1059 1059
1059 1059
1059 1059
1059 1059
1059 1059
1059 1059
1059 1059
1059 1059
1059 1059
1059 1059
1059 1059
1059 1059
1059 1059
1059 1059
1059 1059
1059 1059
1059 1059
1059 1059
1059 1059
1059 1059
1059 1059
1059 1059
1059 1059
1059 1059
1059 1059
1059 1059
1059 1059
1059 1059
1059 1059
1059 1059
1059 1059
1059 1059
1059 1059
1059 1059
1059 1059
1059 1059
1059 1059
1059 1059
1059 1059
1059 1059
1059 1059
1059 1059
1059 1059
1059 1059
1059 1059
1059 1059
1059 1059
1059 1059
1059 1059
1059 1059
1059 1059
1059 1059
1059 1059
1059 1059
1059 1059
1059 1059
1059 1059
1059 1059
1059 1059
1059 1059
1059 1059
1059 1059
1059 1059
1059 1059
1059 1059
1059 1059
1059 1059
1059 1059
1059 1059
1059 1059
1059 1059
1059 1059
1059 1059
1059 1059
1059 1059
1059 1059
1059 1059
1059 1059
1059 1059
1059 1059
1059 1059
1059 1059
1059 1059
1059 1059
1059 1059
1059 1059
1059 1059
1059 1059
1059 1059
1059 1059
1059 1059
1059 1059
1059 1059
1059 1059
1059 1059
1059 1059
1059 1059
1059 1059
1059 1059
1059 1059
1059 1059
1059 1059
1059 1059
1059 1059
1059 1059
1059 1059
1059 1059
1059 1059
1059 1059
1059 1059
1059 1059
1059 1059
1059 1059
1059 1059
1059 1059
1059 1059
1059 1059
1059 1059
1059 1059
1059 1059
1059 1059
1059 1059
1059 1059
1059 1059
1059 1059
1059 1059
1059 1059
1059 1059
1059 1059
1059 1059
1059 1059
1059 1059
1059 1059
1059 1059
1059 1059
1059 1059
1059 1059
1059 1059
1059 1059
1059 1059
1059 1059
1059 1059
1059 1059
1059 1059
1059 1059
1059 1059
1059 1059
1059 1059
1059 1059
1059 1059
1059 1059
1059 1059
1059 1059
1059 1059
1059 1059
1059 1059
1059 1059
1059 1059
1059 1059
1059 1059
1059 1059
1059 1059
1059 1059
1059 1059
1059 1059
1059 1059
1059 1059
1059 1059
1059 1059
1059 1059
1059 1059
1059 1059
1059 1059
1059 1059
1059 1059
1059 1059
1059 1059
1059 1059
1059 1059
1059 1059
1059 1059
1059 1059
1059 1059
1059 1059
1059 1059
1059 1059
1059 1059
1059 1059
1059 1059
1059 1059
1059 1059
1059 1059
1059 1059
1059 1059
1059 1059
1059 1059
1059 1059
1059 1059
1059 1059
1059 1059
1059 1059
1059 1059
1059 1059
1059 1059
1059 1059
1059 1059
1059 1059
1059 1059
1059 1059
1059 1059
1059 1059
1059 1059
1059 1059
1059 1059
1059 1059
1059 1059
1059 1059
1059 1059
1059 1059
1059 1059
1059 1059
1059 1059
1059 1059
1059 1059
1059 1059
1059 1059
1059 1059
1059 1059
1059 1059
1059 1059
1059 1059
1059 1059
1059 1059
1059 1059
1059 1059
1059 1059
1059 1059
1059 1059
1059 1059
1059 1059
1059 1059
1059 1059
1059 1059
1059 1059
1059 1059
1059 1059
1059 1059
1059 1059
1059 1059
1059 1059
1059 1059
1059 1059
1059 1059
1059 1059
1059 1059
1059 1059
1059 1059
1059 1059
1059 1059
1059 1059
1059 1059
1059 1059
1059 1059
1059 1059
1059 1059
1059 1059
1059 1059
1059 1059
1059 1059
1059 1059
1059 1059
1059 1059
1059 1059
1059 1059
1059 1059
1059 1059
1059 1059
1059 1059
1059 1059
1059 1059
1059 1059
1059 1059
1059 1059
1059 1059
1059 1059
1059 1059
1059 1059
1059 1059
1059 1059
1059 1059
1059 1059
1059 1059
1059 1059
1059 1059
1059 1059
1059 1059
1059 1059
1059 1059
1059 1059
1059 1059
1059 1059
1059 1059
1059 1059
1059 1059
1059 1059
1059 1059
1059 1059
1059 1059
1059 1059
1059 1059
1059 1059
1059 1059
1059 1059
1059 1059
1059 1059
1059 1059
1059 1059
1059 1059
1059 1059
1059 1059
1059 1059
1059 1059
1059 1059
1059 1059
1059 1059
1059 1059
1059 1059
1059 1059
1059 1059
1059 1059
1059 1059
1059 1059
1059 1059
1059 1059
1059 1059
1059 1059
1059 1059
1059 1059
1059 1059
1059 1059
1059 1059
1059 1059
1059 1059
1059 1059
1059 1059
1059 1059
1059 1059
1059 1059
1059 1059
1059 1059
1059 1059
1059 1059
1059 1059
1059 1059
1059 1059
1059 1059
1059 1059
1059 1059
1059 1059
1059 1059
1059 1059
1059 1059
1059 1059
1059 1059
1059 1059
1059 1059
1059 1059
1059 1059
1059 1059
1059 1059
1059 1059
1059 1059
1059 1059
1059 1059
1059 1059
1059 1059
1059 1059
1059 1059
1059 1059
1059 1059
1059 1059
1059 1059
1059 1059
1059 1059
1059 1059
1059 1059
1059 1059
1059 1059
1059 1059
1059 1059
1059 1059
1059 1059
1059 1059
1059 1059
1059 1059
1059 1059
1059 1059
1059 1059
1059 1059
1059 1059
1059 1059
1059 1059
1059 1059
1059 1059
1059 1059
1059 1059
1059 1059
1059 1059
1059 1059
1059 1059
1059 1059
1059 1059
1059 1059
1059 1059
1059 1059
1059 1059
1059 1059
1059 1059
1059 1059
1059 1059
1059 1059
1059 1059
1059 1059
1059 1059
1059 1059
1059 1059
1059 1059
1059 1059
1059 1059
1059 1059
1059 1059
1059 1059
1059 1059
1059 1059
1059 1059
1059 1059
1059 1059
1059 1059
1059 1059
1059 1059
1059 1059
1059 1059
1059 1059
1059 1059
1059 1059
1059 1059
1059 1059
1059 1059
1059 1059
1059 1059
1059 1059
1059 1059
1059 1059
1059 1059
1059 1059
1059 1059
1059 1059
1059 1059
1059 1059
1059 1059
1059 1059
1059 1059
1059 1059
1059 1059
1059 1059
1059 1059
1059 1059
1059 1059
1059 1059
1059 1059
1059 1059
1059 1059
1059 1059
1059 1059
1059 1059
1059 1059
1059 1059
1059 1059
1059 1059
1059 1059
1059 1059
1059 1059
1059 1059
1059 1059
1059 1059
1059 1059
1059 1059
1059 1059
1059 1059
1059 1059
1059 1059
1059 1059
1059 1059
1059 1059
1059 1059
1059 1059
1059 1059
1059 1059
1059 1059
1059 1059
1059 1059
1059 1059
1059 1059
1059 1059
1059 1059
1059 1059
1059 1059
1059 1059
1059 1059
1059 1059
1059 1059
1059 1059
1059 1059
1059 1059
1059 1059
1059 1059
1059 1059
1059 1059
1059 1059
1059 1059
1059 1059
1059 1059
1059 1059
1059 1059
1059 1059
1059 1059
1059 1059
1059 1059
1059 1059
1059 1059
1059 1059
1059 1059
1059 1059
1059 1059
1059 1059
1059 1059
1059 1059
1059 1059
1059 1059
1059 1059
1059 1059
1059 1059
1059 1059
1059 1059
1059 1059
1059 1059
1059 1059
1059 1059
1059 1059
1059 1059
1059 1059
1059 1059
1059 1059
1059 1059
1059 1059
1059 1059
1059 1059
1059 1059
1059 1059
1059 1059
1059 1059
1059 1059
1059 1059
1059 1059
1059 1059
1059 1059
1059 1059
1059 1059
1059 1059
1059 1059
1059 1059
1059 1059
1059 1059
1059 1059
1059 1059
1059 1059
1059 1059
1059 1059
1059 1059
1059 1059
1059 1059
1059 1059
1059 1059
1059 1059
1059 1059
1059 1059
1059 1059
1059 1059
1059 1059
1059 1059
1059 1059
1059 1059
1059 1059
1059 1059
1059 1059
1059 1059
1059 1059
1059 1059
1059 1059
1059 1059
1059 1059
1059 1059
1059 1059
1059 1059
1059 1059
1059 1059
1059 1059
1059 1059
1059 1059
1059 1059
1059 1059
1059 1059
1059 1059
1059 1059
1059 1059
1059 1059
1059 1059
1059 1059
1059 1059
1059 1059
1059 1059
1059 1059
1059 1059
1059 1059
1059 1059
1059 1059
1059 1059
1059 1059
1059 1059
1059 1059
1059 1059
1059 1059
1059 1059
1059 1059
1059 1059
1059 1059
1059 1059
1059 1059
1059 1059
1059 1059
1059 1059
1059 1059
1059 1059
1059 1059
1059 1059
1059 1059
1059 1059
1059 1059
1059 1059
1059 1059
1059 1059
1059 1059
1059 1059
1059 1059
1059 1059
1059 1059
1059 1059
1059 1059
1059 1059
1059 1059
1059 1059
1059 1059
1059 1059
1059 1059
1059 1059
1059 1059
1059 1059
1059 1059
1059 1059
1059 1059
1059 1059
1059 1059
1059 1059
1059 1059
1059 1059
1059 1059
1059 1059
1059 1059
1059 1059
1059 1059
1059 1059
1059 1059
1059 1059
1059 1059
1059 1059
1059 1059
1059 1059
1059 1059
1059 1059
1059 1059
1059 1059
1059 1059
1059 1059
1059 1059
1059 1059
1059 1059
1059 1059
1059 1059
1059 1059
1059 1059
1059 1059
1059 1059
1059 1059
1059 1059
1059 1059
1059 1059
1059 1059
1059 1059
1059 1059
1059 1059
1059 1059
1059 1059
1059 1059
1059 1059
1059 1059
1059 1059
1059 1059
1059 1059
1059 1059
1059 1059
1059 1059
1059 1059
1059 1059
1059 1059
1059 1059
1059 1059
1059 1059
1059 1059
1059 1059
1059 1059
1059 1059
1059 1059
1059 1059
1059 1059
1059 1059
1059 1059
1059 1059
1059 1059
1059 1059
1059 1059
1059 1059
1059 1059
1059 1059
1059 1059
1059 1059
1059 1059
1059 1059
1059 1059
1059 1059
1059 1059
1059 1059
1059 1059
1059 1059
1059 1059
1059 1059
1059 1059
1059 1059
1059 1059
1059 1059
1059 1059
1059 1059
1059 1059
1059 1059
1059 1059
1059 1059
1059 1059
1059 1059
1059 1059
1059 1059
1059 1059
1059 1059
1059 1059
1059 1059
1059 1059
1059 1059
1059 1059
1059 1059
1059 1059
1059 1059
1059 1059
1059 1059
1059 1059
1059 1059
1059 1059
1059 1059
1059 1059
1059 1059
1059 1059
1059 1059
1059 1059
1059 1059
1059 1059
1059 1059
1059 1059
1059 1059
1059 1059
1059 1059
1059 1059
1059 1059
1059 1059
1059 1059
1059 1059
1059 1059
1059 1059
1059 1059
1059 1059
1059 1059
1059 1059
1059 1059
1059 1059
1059 1059
1059 1059
1059 1059
1059 1059
1059 1059
1059 1059
1059 1059
1059 1059
1059 1059
1059 1059
1059 1059
1059 1059
1059 1059
1059 1059
1059 1059
1059 1059
1059 1059
1059 1059
1059 1059
1059 1059
1059 1059
1059 1059
1059 1059
1059 1059
1059 1059
1059 1059
1059 1059
1059 1059
1059 1059
1059 1059
1059 1059
1059 1059
1059 1059
1059 1059
1059 1059
1059 1059
1059 1059
1059 1059
1059 1059
1059 1059
1059 1059
1059 1059
1059 1059
1059 1059
1059 1059
1059 1059
1059 1059
1059 1059
1059 1059
1059 1059
1059 1059
1059 1059
1059 1059
1059 1059
1059 1059
1059 1059
1059 1059
1059 1059
1059 1059
1059 1059
1059 1059
1059 1059
1059 1059
1059 1059
1059 1059
1059 1059
1059 1059
1059 1059
1059 1059
1059 1059
1059 1059
1059 1059
1059 1059
1059 1059
1059 1059
1059 1059
1059 1059
1059 1059
1059 1059
1059 1059
1059 1059
1059 1059
1059 1059
1059 1059
1059 1059
1059 1059
1059 1059
1059 1059
1059 1059
1059 1059
1059 1059
1059 1059
1059 1059
1059 1059
1059 1059
1059 1059
1059 1059
1059 1059
1059 1059
1059 1059
1059 1059
1059 1059
1059 1059
1059 1059
1059 1059
1059 1059
1059 1059
1059 1059
1059 1059
1059 1059
1059 1059
1059 1059
1059 1059
1059 1059
1059 1059
1059 1059
1059 1059
1059 1059
1059 1059
1059 1059
1059 1059
1059 1059
1059 1059
1059 1059
1059 1059
1059 1059
1059 1059
1059 1059
1059 1059
1059 1059
1059 1059
1059 1059
1059 1059
1059 1059
1059 1059
1059 1059
1059 1059
1059 1059
1059 1059
1059 1059
1059 1059
1059 1059
1059 1059
1059 1059
1059 1059
1059 1059
1059 1059
1059 1059
1059 1059
1059 1059
1059 1059
1059 1059
1059 1059
1059 1059
1059 1059
1059 1059
1059 1059
1059 1059
1059 1059
1059 1059
1059 1059
1059 1059
1059 1059
1059 1059
1059 1059
1059 1059
1059 1059
1059 1059
1059 1059
1059 1059
1059 1059
1059 1059
1059 1059
1059 1059
1059 1059
1059 1059
1059 1059
1059 1059
1059 1059
1059 1059
1059 1059
1059 1059
1059 1059
1059 1059
1059 1059
1059 1059
1059 1059
1059 1059
1059 1059
1059 1059
1059 1059
1059 1059
1059 1059
1059 1059
1059 1059
1059 1059
1059 1059
1059 1059
1059 1059
1059 1059
1059 1059
1059 1059
1059 1059
1059 1059
1059 1059
1059 1059
1059 1059
1059 1059
1059 1059
1059 1059
1059 1059
1059 1059
1059 1059
1059 1059
1059 1059
1059 1059
1059 1059
1059 1059
1059 1059
1059 1059
1059 1059
1059 1059
1059 1059
1059 1059
1059 1059
1059 1059
1059 1059
1059 1059
1059 1059
1059 1059
1059 1059
1059 1059
1059 1059
1059 1059
1059 1059
1059 1059
1059 1059
1059 1059
1059 1059
1059 1059
1059 1059
1059 1059
1059 1059
1059 1059
1059 1059
1059 1059
1059 1059
1059 1059
1059 1059
1059 1059
1059 1059
1059 1059
1059 1059
1059 1059
1059 1059
1059 1059
1059 1059
1059 1059
1059 1059
1059 1059
1059 1059
1059 1059
1059 1059
1059 1059
1059 1059
1059 1059
1059 1059
1059 1059
1059 1059
1059 1059
1059 1059
1059 1059
1059 1059
1059 1059
1059 1059
1059 1059
1059 1059
1059 1059
1059 1059
1059 1059
1059 1059
1059 1059
1059 1059
1059 1059
1059 1059
1059 1059
1059 1059
1059 1059
1059 1059
1059 1059
1059 1059
1059 1059
1059 1059
1059 1059
1059 1059
1059 1059
1059 1059
1059 1059
1059 1059
1059 1059
1059 1059
1059 1059
1059 1059
1059 1059
1059 1059
1059 1059
1059 1059
1059 1059
1059 1059
1059 1059
1059 1059
1059 1059
1059 1059
1059 1059
1059 1059
1059 1059
1059 1059
1059 1059
1059 1059
1059 1059
1059 1059
1059 1059
1059 1059
1059 1059
1059 1059
1059 1059
1059 1059
1059 1059
1059 1059
1059 1059
1059 1059
1059 1059
1059 1059
1059 1059
1059 1059
1059 1059
1059 1059
1059 1059
1059 1059
1059 1059
1059 1059
1059 1059
1059 1059
1059 1059
1059 1059
1059 1059
1059 1059
1059 1059
1059 1059
1059 1059
1059 1059
1059 1059
1059 1059
1059 1059
1059 1059
1059 1059
1059 1059
1059 1059
1059 1059
1059 1059
1059 1059
1059 1059
1059 1059
1059 1059
1059 1059
1059 1059
1059 1059
1059 1059
1059 1059
1059 1059
1059 1059
1059 1059
1059 1059
1059 1059
1059 1059
1059 1059
1059 1059
1059 1059
1059 1059
1059 1059
1059 1059
1059 1059
1059 1059
1059 1059
1059 1059
1059 1059
1059 1059
1059 1059
1059 1059
1059 1059
1059 1059
1059 1059
1059 1059
1059 1059
1059 1059
1059 1059
1059 1059
1059 1059
1059 1059
1059 1059
1059 1059
1059 1059
1059 1059
1059 1059
1059 1059
1059 1059
1059 1059
1059 1059
1059 1059
1059 1059
1059 1059
1059 1059
1059 1059
1059 1059
1059 1059
1059 1059
1059 1059
1059 1059
1059 1059
1059 1059
1059 1059
1059 1059
1059 1059
1059 1059
1059 1059
1059 1059
1059 1059
1059 1059
1059 1059
1059 1059
1059 1059
1059 1059
1059 1059
1059 1059
1059 1059
1059 1059
1059 1059
1059 1059
1059 1059
1059 1059
1059 1059
1059 1059
1059 1059
1059 1059
1059 1059
1059 1059
1059 1059
1059 1059
1059 1059
1059 1059
1059 1059
1059 1059
1059 1059
1059 1059
1059 1059
1059 1059
1059 1059
1059 1059
1059 1059
1059 1059
1059 1059
1059 1059
1059 1059
1059 1059
1059 1059
1059 1059
1059 1059
1059 1059
1059 1059
1059 1059
1059 1059
1059 1059
1059 1059
1059 1059
1059 1059
1059 1059
1059 1059
1059 1059
1059 1059
1059 1059
1059 1059
1059 1059
1059 1059
1059 1059
1059 1059
1059 1059
1059 1059
1059 1059
1059 1059
1059 1059
1059 1059
1059 1059
1059 1059
1059 1059
1059 1059
1059 1059
1059 1059
1059 1059
1059 1059
1059 1059
1059 1059
1059 1059
1059 1059
1059 1059
1059 1059
1059 1059
1059 1059
1059 1059
1059 1059
1059 1059
1059 1059
1059 1059
1059 1059
1059 1059
1059 1059
1059 1059
1059 1059
1059 1059
1059 1059
1059 1059
1059 1059
1059 1059
1059 1059
1059 1059
1059 1059
1059 1059
1059 1059
1059 1059
1059 1059
1059 1059
1059 1059
1059 1059
1059 1059
1059 1059
1059 1059
1059 1059
1059 1059
1059 1059
1059 1059
1059 1059
1059 1059
1059 1059
1059 1059
1059 1059
1059 1059
1059 1059
1059 1059
1059 1059
1059 1059
1059 1059
1059 1059
1059 1059
1059 1059
1059 1059
1059 1059
1059 1059
1059 1059
1059 1059
1059 1059
1059 1059
1059 1059
1059 1059
1059 1059
1059 1059
1059 1059
1059 1059
1059 1059
1059 1059
1059 1059
1059 1059
1059 1059
1059 1059
1059 1059
1059 1059
1059 1059
1059 1059
1059 1059
1059 1059
1059 1059
1059 1059
1059 1059
1059 1059
1059 1059
1059 1059
1059 1059
1059 1059
1059 1059
1059 1059
1059 1059
1059 1059
1059 1059
1059 1059
1059 1059
1059 1059
1059 1059
1059 1059
1059 1059
1059 1059
1059 1059
1059 1059
1059 1059
1059 1059
1059 1059
1059 1059
1059 1059
1059 1059
1059 1059
1059 1059
1059 1059
1059 1059
1059 1059
1059 1059
1059 1059
1059 1059
1059 1059
1059 1059
1059 1059
1059 1059
1059 1059
1059 1059
1059 1059
1059 1059
1059 1059
1059 1059
1059 1059
1059 1059
1059 1059
1059 1059
1059 1059
1059 1059
1059 1059
1059 1059
1059 1059
1059 1059
1059 1059
1059 1059
1059 1059
1059 1059
1059 1059
1059 1059
1059 1059
1059 1059
1059 1059
1059 1059
1059 1059
1059 1059
1059 1059
1059 1059
1059 1059
1059 1059
1059 1059
1059 1059
1059 1059
1059 1059
1059 1059
1059 1059
1059 1059
1059 1059
1059 1059
1059 1059
1059 1059
1059 1059
1059 1059
1059 1059
1059 1059
1059 1059
1059 1059
1059 1059
1059 1059
1059 1059
1059 1059
1059 1059
1059 1059
1059 1059
1059 1059
1059 1059
1059 1059
1059 1059
1059 1059
1059 1059
1059 1059
1059 1059
1059 1059
1059 1059
1059 1059
1059 1059
1059 1059
1059 1059
1059 1059
1059 1059
1059 1059
1059 1059
1059 1059
1059 1059
1059 1059
1059 1059
1059 1059
1059 1059
1059 1059
1059 1059
1059 1059
1059 1059
1059 1059
1059 1059
1059 1059
1059 1059
1059 1059
1059 1059
1059 1059
1059 1059
1059 1059
1059 1059
1059 1059
1059 1059
1059 1059
1059 1059
1059 1059
1059 1059
1059 1059
1059 1059
1059 1059
1059 1059
1059 1059
1059 1059
1059 1059
1059 1059
1059 1059
1059 1059
1059 1059
1059 1059
1059 1059
1059 1059
1059 1059
1059 1059
1059 1059
1059 1059
1059 1059
1059 1059
1059 1059
1059 1059
1059 1059
1059 1059
1059 1059
1059 1059
1059 1059
1059 1059
1059 1059
1059 1059
1059 1059
1059 1059
1059 1059
1059 1059
1059 1059
1059 1059
1059 1059
1059 1059
1059 1059
1059 1059
1059 1059
1059 1059
1059 1059
1059 1059
1059 1059
1059 1059
1059 1059
1059 1059
1059 1059
1059 1059
1059 1059
1059 1059
1059 1059
1059 1059
1059 1059
1059 1059
1059 1059
1059 1059
1059 1059
1059 1059
1059 1059
1059 1059
1059 1059
1059 1059
1059 1059
1059 1059
1059 1059
1059 1059
1059 1059
1059 1059
1059 1059
1059 1059
1059 1059
1059 1059
1059 1059
1059 1059
1059 1059
1059 1059
1059 1059
1059 1059
1059 1059
1059 1059
1059 1059
1059 1059
1059 1059
1059 1059
1059 1059
1059 1059
1059 1059
1059 1059
1059 1059
1059 1059
1059 1059
1059 1059
1059 1059
1059 1059
1059 1059
1059 1059
1059 1059
1059 1059
1059 1059
1059 1059
1059 1059
1059 1059
1059 1059
1059 1059
1059 1059
1059 1059
1059 1059
1059 1059
1059 1059
1059 1059
1059 1059
1059 1059
1059 1059
1059 1059
1059 1059
1059 1059
1059 1059
1059 1059
1059 1059
1059 1059
1059 1059
1059 1059
1059 1059
1059 1059
1059 1059
1059 1059
1059 1059
1059 1059
1059 1059
1059 1059
1059 1059
1059 1059
1059 1059
1059 1059
1059 1059
1059 1059
1059 1059
1059 1059
1059 1059
1059 1059
1059 1059
1059 1059
1059 1059
1059 1059
1059 1059
1059 1059
1059 1059
1059 1059
1059 1059
1059 1059
1059 1059
1059 1059
1059 1059
1059 1059
1059 1059
1059 1059
1059 1059
1059 1059
1059 1059
1059 1059
1059 1059
1059 1059
1059 1059
1059 1059
1059 1059
1059 1059
1059 1059
1059 1059
1059 1059
1059 1059
1059 1059
1059 1059
1059 1059
1059 1059
1059 1059
1059 1059
1059 1059
1059 1059
1059 1059
1059 1059
1059 1059
1059 1059
1059 1059
1059 1059
1059 1059
1059 1059
1059 1059
1059 1059
1059 1059
1059 1059
1059 1059
1059 1059
1059 1059
1059 1059
1059 1059
1059 1059
1059 1059
1059 1059
1059 1059
1059 1059
1059 1059
1059 1059
1059 1059
1059 1059
1059 1059
1059 1059
1059 1059
1059 1059
1059 1059
1059 1059
1059 1059
1059 1059
1059 1059
1059 1059
1059 1059
1059 1059
1059 1059
1059 1059
1059 1059
1059 1059
1059 1059
1059 1059
1059 1059
1059 1059
1059 1059
1059 1059
1059 1059
1059 1059
1059 1059
1059 1059
1059 1059
1059 1059
1059 1059
1059 1059
1059 1059
1059 1059
1059 1059
1059 1059
1059 1059
1059 1059
1059 1059
1059 1059
1059 1059
1059 1059
1059 1059
1059 1059
1059 1059
1059 1059
1059 1059
1059 1059
1059 1059
1059 1059
1059 1059
1059 1059
1059 1059
1059 1059
1059 1059
1059 1059
1059 1059
1059 1059
1059 1059
1059 1059
1059 1059
1059 1059
1059 1059
1059 1059
1059 1059
1059 1059
1059 1059
1059 1059
1059 1059
1059 1059
1059 1059
1059 1059
1059 1059
1059 1059
1059 1059
1059 1059
1059 1059
1059 1059
1059 1059
1059 1059
1059 1059
1059 1059
1059 1059
1059 1059
1059 1059
1059 1059
1059 1059
1059 1059
1059 1059
1059 1059
1059 1059
1059 1059
1059 1059
1059 1059
1059 1059
1059 1059
1059 1059
1059 1059
1059 1059
1059 1059
1059 1059
1059 1059
1059 1059
1059 1059
1059 1059
1059 1059
1059 1059
1059 1059
1059 1059
1059 1059
1059 1059
1059 1059
1059 1059
1059 1059
1059 1059
1059 1059
1059 1059
1059 1059
1059 1059
1059 1059
1059 1059
1059 1059
1059 1059
1059 1059
1059 1059
1059 1059
1059 1059
1059 1059
1059 1059
1059 1059
1059 1059
1059 1059
1059 1059
1059 1059
1059 1059
1059 1059
1059 1059
1059 1059
1059 1059
1059 1059
1059 1059
1059 1059
1059 1059
1059 1059
1059 1059
1059 1059
1059 1059
1059 1059
1059 1059
1059 1059
1059 1059
1059 1059
1059 1059
1059 1059
1059 1059
1059 1059
1059 1059
1059 1059
1059 1059
1059 1059
1059 1059
1059 1059
1059 1059
1059 1059
1059 1059
1059 1059
1059 1059
1059 1059
1059 1059
1059 1059
1059 1059
1059 1059
1059 1059
1059 1059
1059 1059
1059 1059
1059 1059
1059 1059
1059 1059
1059 1059
1059 1059
1059 1059
1059 1059
1059 1059
1059 1059
1059 1059
1059 1059
1059 1059
1059 1059
1059 1059
1059 1059
1059 1059
1059 1059
1059 1059
1059 1059
1059 1059
1059 1059
1059 1059
1059 1059
1059 1059
1059 1059
1059 1059
1059 1059
1059 1059
1059 1059
1059 1059
1059 1059
1059 1059
1059 1059
1059 1059
1059 1059
1059 1059
1059 1059
1059 1059
1059 1059
1059 1059
1059 1059
1059 1059
1059 1059
1059 1059
1059 1059
1059 1059
1059 1059
1059 1059
1059 1059
1059 1059
1059 1059
1059 1059
1059 1059
1059 1059
1059 1059
1059 1059
1059 1059
1059 1059
1059 1059
1059 1059
1059 1059
1059 1059
1059 1059
1059 1059
1059 1059
1059 1059
1059 1059
1059 1059
1059 1059
1059 1059
1059 1059
1059 1059
1059 1059
1059 1059
1059 1059
1059 1059
1059 1059
1059 1059
1059 1059
1059 1059
1059 1059
1059 1059
1059 1059
1059 1059
1059 1059
1059 1059
1059 1059
1059 1059
1059 1059
1059 1059
1059 1059
1059 1059
1059 1059
1059 1059
1059 1059
1059 1059
1059 1059
1059 1059
1059 1059
1059 1059
1059 1059
1059 1059
1059 1059
1059 1059
1059 1059
1059 1059
1059 1059
1059 1059
1059 1059
1059 1059
1059 1059
1059 1059
1059 1059
1059 1059
1059 1059
1059 1059
1059 1059
1059 1059
1059 1059
1059 1059
1059 1059
1059 1059
1059 1059
1059 1059
1059 1059
1059 1059
1059 1059
1059 1059
1059 1059
1059 1059
1059 1059
1059 1059
1059 1059
1059 1059
1059 1059
1059 1059
1059 1059
1059 1059
1059 1059
1059 1059
1059 1059
1059 1059
1059 1059
1059 1059
1059 1059
1059 1059
1059 1059
1059 1059
1059 1059
1059 1059
1059 1059
1059 1059
1059 1059
1059 1059
1059 1059
1059 1059
1059 1059
1059 1059
1059 1059
1059 1059
1059 1059
1059 1059
1059 1059
1059 1059
1059 1059
1059 1059
1059 1059
1059 1059
1059 1059
1059 1059
1059 1059
1059 1059
1059 1059
1059 1059
1059 1059
1059 1059
1059 1059
1059 1059
1059 1059
1059 1059
1059 1059
1059 1059
1059 1059
1059 1059
1059 1059
1059 1059
1059 1059
1059 1059
1059 1059
1059 1059
1059 1059
1059 1059
1059 1059
1059 1059
1059 1059
1059 1059
1059 1059
1059 1059
1059 1059
1059 1059
1059 1059
1059 1059
1059 1059
1059 1059
1059 1059
1059 1059
1059 1059
1059 1059
1059 1059
1059 1059
1059 1059
1059 1059
1059 1059
1059 1059
1059 1059
1059 1059
1059 1059
1059 1059
1059 1059
1059 1059
1059 1059
1059 1059
1059 1059
1059 1059
1059 1059
1059 1059
1059 1059
1059 1059
1059 1059
1059 1059
1059 1059
1059 1059
1059 1059
1059 1059
1059 1059
1059 1059
1059 1059
1059 1059
1059 1059
1059 1059
1059 1059
1059 1059
1059 1059
1059 1059
1059 1059
1059 1059
1059 1059
1059 1059
1059 1059
1059 1059
1059 1059
1059 1059
1059 1059
1059 1059
1059 1059
1059 1059
1059 1059
1059 1059
1059 1059
1059 1059
1059 1059
1059 1059
1059 1059
1059 1059
1059 1059
1059 1059
1059 1059
1059 1059
1059 1059
1059 1059
1059 1059
1059 1059
1059 1059
1059 1059
1059 1059
1059 1059
1059 1059
1059 1059
1059 1059
1059 1059
1059 1059
1059 1059
1059 1059
1059 1059
1059 1059
1059 1059
1059 1059
1059 1059
1059 1059
1059 1059
1059 1059
1059 1059
1059 1059
1059 1059
1059 1059
1059 1059
1059 1059
1059 1059
1059 1059
1059 1059
1059 1059
1059 1059
1059 1059
1059 1059
1059 1059
1059 1059
1059 1059
1059 1059
1059 1059
1059 1059
1059 1059
1059 1059
1059 1059
1059 1059
1059 1059
1059 1059
1059 1059
1059 1059
1059 1059
1059 1059
1059 1059
1059 1059
1059 1059
1059 1059
1059 1059
1059 1059
1059 1059
1059 1059
1059 1059
1059 1059
1059 1059
1059 1059
1059 1059
1059 1059
1059 1059
1059 1059
1059 1059
1059 1059
1059 1059
1059 1059
1059 1059
1059 1059
1059 1059
1059 1059
1059 1059
1059 1059
1059 1059
1059 1059
1059 1059
1059 1059
1059 1059
1059 1059
1059 1059
1059 1059
1059 1059
1059 1059
1059 1059
1059 1059
1059 1059
1059 1059
1059 1059
1059 1059
1059 1059
1059 1059
1059 1059
1059 1059
1059 1059
1059 1059
1059 1059
1059 1059
1059 1059
1059 1059
1059 1059
1059 1059
1059 1059
1059 1059
1059 1059
1059 1059
1059 1059
1059 1059
1059 1059
1059 1059
1059 1059
1059 1059
1059 1059
1059 1059
1059 1059
1059 1059
1059 1059
1059 1059
1059 1059
1059 1059
1059 1059
1059 1059
1059 1059
1059 1059
1059 1059
1059 1059
1059 1059
1059 1059
1059 1059
1059 1059
1059 1059
1059 1059
1059 1059
1059 1059
1059 1059
1059 1059
1059 1059
1059 1059
1059 1059
1059 1059
1059 1059
1059 1059
1059 1059
1059 1059
1059 1059
1059 1059
1059 1059
1059 1059
1059 1059
1059 1059
1059 1059
1059 1059
1059 1059
1059 1059
1059 1059
1059 1059
1059 1059
1059 1059
1059 1059
1059 1059
1059 1059
1059 1059
1059 1059
1059 1059
1059 1059
1059 1059
1059 1059
1059 1059
1059 1059
1059 1059
1059 1059
1059 1059
1059 1059
1059 1059
1059 1059
1059 1059
1059 1059
1059 1059
1059 1059
1059 1059
1059 1059
1059 1059
1059 1059
1059 1059
1059 1059
1059 1059
1059 1059
1059 1059
1059 1059
1059 1059
1059 1059
1059 1059
1059 1059
1059 1059
1059 1059
1059 1059
1059 1059
1059 1059
1059 1059
1059 1059
1059 1059
1059 1059
1059 1059
1059 1059
1059 1059
1059 1059
1059 1059
1059 1059
1059 1059
1059 1059
1059 1059
1059 1059
1059 1059
1059 1059
1059 1059
1059 1059
1059 1059
1059 1059
1059 1059
1059 1059
1059 1059
1059 1059
1059 1059
1059 1059
1059 1059
1059 1059
1059 1059
1059 1059
1059 1059
1059 1059
1059 1059
1059 1059
1059 1059
1059 1059
1059 1059
1059 1059
1059 1059
1059 1059
1059 1059
1059 1059
1059 1059
1059 1059
1059 1059
1059 1059
1059 1059
1059 1059
1059 1059
1059 1059
1059 1059
1059 1059
1059 1059
1059 1059
1059 1059
1059 1059
1059 1059
1059 1059
1059 1059
1059 1059
1059 1059
1059 1059
1059 1059
1059 1059
1059 1059
1059 1059
1059 1059
1059 1059
1059 1059
1059 1059
1059 1059
1059 1059
1059 1059
1059 1059
1059 1059
1059 1059
1059 1059
1059 1059
1059 1059
1059 1059
1059 1059
1059 1059
1059 1059
1059 1059
1059 1059
1059 1059
1059 1059
1059 1059
1059 1059
1059 1059
1059 1059
1059 1059
1059 1059
1059 1059
1059 1059
1059 1059
1059 1059
1059 1059
1059 1059
1059 1059
1059 1059
1059 1059
1059 1059
1059 1059
1059 1059
1059 1059
1059 1059
1059 1059
1059 1059
1059 1059
1059 1059
1059 1059
1059 1059
1059 1059
1059 1059
1059 1059
1059 1059
1059 1059
1059 1059
1059 1059
1059 1059
1059 1059
1059 1059
1059 1059
1059 1059
1059 1059
1059 1059
1059 1059
1059 1059
1059 1059
1059 1059
1059 1059
1059 1059
1059 1059
1059 1059
1059 1059
1059 1059
1059 1059
1059 1059
1059 1059
1059 1059
1059 1059
1059 1059
1059 1059
1059 1059
1059 1059
1059 1059
1059 1059
1059 1059
1059 1059
1059 1059
1059 1059
1059 1059
1059 1059
1059 1059
1059 1059
1059 1059
1059 1059
1059 1059
1059 1059
1059 1059
1059 1059
1059 1059
1059 1059
1059 1059
1059 1059
1059 1059
1059 1059
1059 1059
1059 1059
1059 1059
1059 1059
1059 1059
1059 1059
1059 1059
1059 1059
1059 1059
1059 1059
1059 1059
1059 1059
1059 1059
1059 1059
1059 1059
1059 1059
1059 1059
1059 1059
1059 1059
1059 1059
1059 1059
1059 1059
1059 1059
1059 1059
1059 1059
1059 1059
1059 1059
1059 1059
1059 1059
1059 1059
1059 1059
1059 1059
1059 1059
1059 1059
1059 1059
1059 1059
1059 1059
1059 1059
1059 1059
1059 1059
1059 1059
1059 1059
1059 1059
1059 1059
1059 1059
1059 1059
1059 1059
1059 1059
1059 1059
1059 1059
1059 1059
1059 1059
1059 1059
1059 1059
1059 1059
1059 1059
1059 1059
1059 1059
1059 1059
1059 1059
1059 1059
1059 1059
1059 1059
1059 1059
1059 1059
1059 1059
1059 1059
1059 1059
1059 1059
1059 1059
1059 1059
1059 1059
1059 1059
1059 1059
1059 1059
1059 1059
1059 1059
1059 1059
1059 1059
1059 1059
1059 1059
1059 1059
1059 1059
1059 1059
1059 1059
1059 1059
1059 1059
1059 1059
1059 1059
1059 1059
1059 1059
1059 1059
1059 1059
1059 1059
1059 1059
1059 1059
1059 1059
1059 1059
1059 1059
1059 1059
1059 1059
1059 1059
1059 1059
1059 1059
1059 1059
1059 1059
1059 1059
1059 1059
1059 1059
1059 1059
1059 1059
1059 1059
1059 1059
1059 1059
1059 1059
1059 1059
1059 1059
1059 1059
1059 1059
1059 1059
1059 1059
1059 1059
1059 1059
1059 1059
1059 1059
1059 1059
1059 1059
1059 1059
1059 1059
1059 1059
1059 1059
1059 1059
1059 1059
1059 1059
1059 1059
1059 1059
1059 1059
1059 1059
1059 1059
1059 1059
1059 1059
1059 1059
1059 1059
1059 1059
1059 1059
1059 1059
1059 1059
1059 1059
1059 1059
1059 1059
1059 1059
1059 1059
1059 1059
1059 1059
1059 1059
1059 1059
1059 1059
1059 1059
1059 1059
1059 1059
1059 1059
1059 1059
1059 1059
1059 1059
1059 1059
1059 1059
1059 1059
1059 1059
1059 1059
1059 1059
1059 1059
1059 1059
1059 1059
1059 1059
1059 1059
1059 1059
1059 1059
1059 1059
1059 1059
1059 1059
1059 1059
1059 1059
1059 1059
1059 1059
1059 1059
1059 1059
1059 1059
1059 1059
1059 1059
1059 1059
1059 1059
1059 1059
1059 1059
1059 1059
1059 1059
1059 1059
1059 1059
1059 1059
1059 1059
1059 1059
1059 1059
1059 1059
1059 1059
1059 1059
1059 1059
1059 1059
1059 1059
1059 1059
1059 1059
1059 1059
1059 1059
1059 1059
1059 1059
1059 1059
1059 1059
1059 1059
1059 1059
1059 1059
1059 1059
1059 1059
1059 1059
1059 1059
1059 1059
1059 1059
1059 1059
1059 1059
1059 1059
1059 1059
1059 1059
1059 1059
1059 1059
1059 1059
1059 1059
1059 1059
1059 1059
1059 1059
1059 1059
1059 1059
1059 1059
1059 1059
1059 1059
1059 1059
1059 1059
1059 1059
1059 1059
1059 1059
1059 1059
1059 1059
1059 1059
1059 1059
1059 1059
1059 1059
1059 1059
1059 1059
1059 1059
1059 1059
1059 1059
1059 1059
1059 1059
1059 1059
1059 1059
1059 1059
1059 1059
1059 1059
1059 1059
1059 1059
1059 1059
1059 1059
1059 1059
1059 1059
1059 1059
1059 1059
1059 1059
1059 1059
1059 1059
1059 1059
1059 1059
1059 1059
1059 1059
1059 1059
1059 1059
1059 1059
1059 1059
1059 1059
1059 1059
1059 1059
1059 1059
1059 1059
1059 1059
1059 1059
1059 1059
1059 1059
1059 1059
1059 1059
1059 1059
1059 1059
1059 1059
1059 1059
1059 1059
1059 1059
1059 1059
1059 1059
1059 1059
1059 1059
1059 1059
1059 1059
1059 1059
1059 1059
1059 1059
1059 1059
1059 1059
1059 1059
1059 1059
1059 1059
1059 1059
1059 1059
1059 1059
1059 1059
1059 1059
1059 1059
1059 1059
1059 1059
1059 1059
1059 1059
1059 1059
1059 1059
1059 1059
1059 1059
1059 1059
1059 1059
1059 1059
1059 1059
1059 1059
1059 1059
1059 1059
1059 1059
1059 1059
1059 1059
1059 1059
1059 1059
1059 1059
1059 1059
1059 1059
1059 1059
1059 1059
1059 1059
1059 1059
1059 1059
1059 1059
1059 1059
1059 1059
1059 1059
1059 1059
1059 1059
1059 1059
1059 1059
1059 1059
1059 1059
1059 1059
1059 1059
1059 1059
1059 1059
1059 1059
1059 1059
1059 1059
1059 1059
1059 1059
1059 1059
1059 1059
1059 1059
1059 1059
1059 1059
1059 1059
1059 1059
1059 1059
1059 1059
1059 1059
1059 1059
1059 1059
1059 1059
1059 1059
1059 1059
1059 1059
1059 1059
1059 1059
1059 1059
1059 1059
1059 1059
1059 1059
1059 1059
1059 1059
1059 1059
1059 1059
1059 1059
1059 1059
1059 1059
1059 1059
1059 1059
1059 1059
1059 1059
1059 1059
1059 1059
1059 1059
1059 1059
1059 1059
1059 1059
1059 1059
1059 1059
1059 1059
1059 1059
1059 1059
1059 1059
1059 1059
1059 1059
1059 1059
1059 1059
1059 1059
1059 1059
1059 1059
1059 1059
1059 1059
1059 1059
1059 1059
1059 1059
1059 1059
1059 1059
1059 1059
1059 1059
1059 1059
1059 1059
1059 1059
1059 1059
1059 1059
1059 1059
1059 1059
1059 1059
1059 1059
1059 1059
1059 1059
1059 1059
1059 1059
1059 1059
1059 1059
1059 1059
1059 1059
1059 1059
1059 1059
1059 1059
1059 1059
1059 1059
1059 1059
1059 1059
1059 1059
1059 1059
1059 1059
1059 1059
1059 1059
1059 1059
1059 1059
1059 1059
1059 1059
1059 1059
1059 1059
1059 1059
1059 1059
1059 1059
1059 1059
1059 1059
1059 1059
1059 1059
1059 1059
1059 1059
1059 1059
1059 1059
1059 1059
1059 1059
1059 1059
1059 1059
1059 1059
1059 1059
1059 1059
1059 1059
1059 1059
1059 1059
1059 1059
1059 1059
1059 1059
1059 1059
1059 1059
1059 1059
1059 1059
1059 1059
1059 1059
1059 1059
1059 1059
1059 1059
1059 1059
1059 1059
1059 1059
1059 1059
1059 1059
1059 1059
1059 1059
1059 1059
1059 1059
1059 1059
1059 1059
1059 1059
1059 1059
1059 1059
1059 1059
1059 1059
1059 1059
1059 1059
1059 1059
1059 1059
1059 1059
1059 1059
1059 1059
1059 1059
1059 1059
1059 1059
1059 1059
1059 1059
1059 1059
1059 1059
1059 1059
1059 1059
1059 1059
1059 1059
1059 1059
1059 1059
1059 1059
1059 1059
1059 1059
1059 1059
1059 1059
1059 1059
1059 1059
1059 1059
1059 1059
1059 1059
1059 1059
1059 1059
1059 1059
1059 1059
1059 1059
1059 1059
1059 1059
1059 1059
1059 1059
1059 1059
1059 1059
1059 1059
1059 1059
1059 1059
1059 1059
1059 1059
1059 1059
1059 1059
1059 1059
1059 1059
1059 1059
1059 1059
1059 1059
1059 1059
1059 1059
1059 1059
1059 1059
1059 1059
1059 1059
1059 1059
1059 1059
1059 1059
1059 1059
1059 1059
1059 1059
1059 1059
1059 1059
1059 1059
1059 1059
1059 1059
1059 1059
1059 1059
1059 1059
1059 1059
1059 1059
1059 1059
1059 1059
1059 1059
1059 1059
1059 1059
1059 1059
1059 1059
1059 1059
1059 1059
1059 1059
1059 1059
1059 1059
1059 1059
1059 1059
1059 1059
1059 1059
1059 1059
1059 1059
1059 1059
1059 1059
1059 1059
1059 1059
1059 1059
1059 1059
1059 1059
1059 1059
1059 1059
1059 1059
1059 1059
1059 1059
1059 1059
1059 1059
1059 1059
1059 1059
1059 1059
1059 1059
1059 1059
1059 1059
1059 1059
1059 1059
1059 1059
1059 1059
1059 1059
1059 1059
1059 1059
1059 1059
1059 1059
1059 1059
1059 1059
1059 1059
1059 1059
1059 1059
1059 1059
1059 1059
1059 1059
1059 1059
1059 1059
1059 1059
1059 1059
1059 1059
1059 1059
1059 1059
1059 1059
1059 1059
1059 1059
1059 1059
1059 1059
1059 1059
1059 1059
1059 1059
1059 1059
1059 1059
1059 1059
1059 1059
1059 1059
1059 1059
1059 1059
1059 1059
1059 1059
1059 1059
1059 1059
1059 1059
1059 1059
1059 1059
1059 1059
1059 1059
1059 1059
1059 1059
1059 1059
1059 1059
1059 1059
1059 1059
1059 1059
1059 1059
1059 1059
1059 1059
1059 1059
1059 1059
1059 1059
1059 1059
1059 1059
1059 1059
1059 1059
1059 1059
1059 1059
1059 1059
1059 1059
1059 1059
1059 1059
1059 1059
1059 1059
1059 1059
1059 1059
1059 1059
1059 1059
1059 1059
1059 1059
1059 1059
1059 1059
1059 1059
1059 1059
1059 1059
1059 1059
1059 1059
1059 1059
1059 1059
1059 1059
1059 1059
1059 1059
1059 1059
1059 1059
1059 1059
1059 1059
1059 1059
1059 1059
1059 1059
1059 1059
1059 1059
1059 1059
1059 1059
1059 1059
1059 1059
1059 1059
1059 1059
1059 1059
1059 1059
1059 1059
1059 1059
1059 1059
1059 1059
1059 1059
1059 1059
1059 1059
1059 1059
1059 1059
1059 1059
1059 1059
1059 1059
1059 1059
1059 1059
1059 1059
1059 1059
1059 1059
1059 1059
1059 1059
1059 1059
1059 1059
1059 1059
1059 1059
1059 1059
1059 1059
1059 1059
1059 1059
1059 1059
1059 1059
1059 1059
1059 1059
1059 1059
1059 1059
1059 1059
1059 1059
1059 1059
1059 1059
1059 1059
1059 1059
1059 1059
1059 1059
1059 1059
1059 1059
1059 1059
1059 1059
1059 1059
1059 1059
1059 1059
1059 1059
1059 1059
1059 1059
1059 1059
1059 1059
1059 1059
1059 1059
1059 1059
1059 1059
1059 1059
1059 1059
1059 1059
1059 1059
1059 1059
