927 927
932 932
932 932
933 933
934 934
937 937
939 939
943 943
946 946
949 949
951 951
952 952
953 953
954 954
955 955
956 956
958 958
959 959
960 960
961 961
964 964
966 966
968 968
969 969
971 971
972 972
973 973
976 976
977 977
979 979
980 980
981 981
982 982
984 984
986 986
987 987
990 990
991 991
992 992
993 993
994 994
996 996
997 997
998 998
1000 1000
1001 1001
1002 1002
1003 1003
1004 1004
1005 1005
1006 1006
1008 1008
1010 1010
1011 1011
1012 1012
1013 1013
1014 1014
1016 1016
1017 1017
1018 1018
1020 1020
1021 1021
1023 1023
1024 1024
1025 1025
1027 1027
1028 1028
1029 1029
1030 1030
1031 1031
1032 1032
1033 1033
1034 1034
1035 1035
1036 1036
1037 1037
1038 1038
1039 1039
1040 1040
1041 1041
1042 1042
1043 1043
1044 1044
1045 1045
1046 1046
1047 1047
1048 1048
933 1048
933 1048
936 1048
939 1048
940 1048
943 1048
946 1048
947 1048
948 1048
949 1048
951 1048
953 1048
954 1048
956 1048
958 1048
962 1048
964 1048
968 1048
972 1048
973 1048
974 1048
975 1048
976 1048
977 1048
978 1048
979 1048
980 1048
982 1048
983 1048
985 1048
986 1048
987 1048
988 1048
989 1048
990 1048
991 1048
992 1048
994 1048
997 1048
998 1048
999 1048
1002 1048
1004 1048
1006 1048
1007 1048
1009 1048
1010 1048
1011 1048
1013 1048
1014 1048
1015 1048
1016 1048
1018 1048
1020 1048
1022 1048
1023 1048
1026 1048
1027 1048
1028 1048
1029 1048
1030 1048
1031 1048
1032 1048
1034 1048
1035 1048
1036 1048
1037 1048
1038 1048
1039 1048
1041 1048
1042 1048
1043 1048
1044 1048
1045 1048
947 1048
947 1048
948 1048
951 1048
952 1048
953 1048
955 1048
956 1048
957 1048
959 1048
960 1048
964 1048
966 1048
968 1048
970 1048
971 1048
975 1048
976 1048
977 1048
978 1048
979 1048
980 1048
981 1048
982 1048
983 1048
984 1048
985 1048
987 1048
988 1048
990 1048
992 1048
994 1048
996 1048
997 1048
998 1048
999 1048
1001 1048
1002 1048
1003 1048
1006 1048
1007 1048
1008 1048
1009 1048
1010 1048
1012 1048
1013 1048
1014 1048
1015 1048
1016 1048
1017 1048
1018 1048
1019 1048
1022 1048
1023 1048
1025 1048
1026 1048
1027 1048
1029 1048
1030 1048
1033 1048
1034 1048
1035 1048
1037 1048
1038 1048
926 1048
926 1048
927 1048
928 1048
930 1048
932 1048
934 1048
935 1048
936 1048
938 1048
939 1048
941 1048
943 1048
944 1048
945 1048
946 1048
947 1048
948 1048
949 1048
950 1048
954 1048
956 1048
957 1048
959 1048
960 1048
961 1048
963 1048
964 1048
966 1048
969 1048
970 1048
971 1048
972 1048
973 1048
974 1048
975 1048
976 1048
977 1048
979 1048
981 1048
982 1048
983 1048
984 1048
986 1048
989 1048
991 1048
992 1048
993 1048
994 1048
995 1048
996 1048
998 1048
999 1048
1000 1048
1004 1048
1005 1048
1006 1048
1007 1048
1009 1048
1010 1048
1011 1048
1012 1048
1013 1048
1015 1048
1016 1048
1017 1048
1019 1048
1020 1048
1021 1048
1022 1048
1024 1048
1025 1048
1026 1048
1027 1048
1029 1048
1030 1048
1031 1048
1032 1048
1034 1048
1035 1048
1037 1048
1038 1048
1039 1048
1040 1048
931 1048
931 1048
937 1048
940 1048
941 1048
942 1048
943 1048
947 1048
949 1048
950 1048
952 1048
953 1048
957 1048
958 1048
961 1048
964 1048
965 1048
966 1048
967 1048
968 1048
969 1048
971 1048
973 1048
974 1048
976 1048
978 1048
979 1048
980 1048
981 1048
982 1048
984 1048
986 1048
989 1048
991 1048
993 1048
995 1048
996 1048
997 1048
999 1048
1000 1048
1001 1048
1003 1048
1004 1048
1005 1048
1007 1048
1008 1048
1009 1048
1011 1048
1012 1048
1013 1048
1015 1048
1016 1048
1017 1048
1018 1048
1019 1048
1020 1048
1021 1048
1022 1048
1023 1048
1025 1048
1027 1048
1028 1048
1029 1048
1030 1048
1031 1048
1032 1048
1033 1048
1034 1048
1035 1048
1036 1048
1037 1048
1038 1048
1039 1048
1040 1048
1041 1048
1042 1048
1043 1048
941 1048
941 1048
943 1048
944 1048
945 1048
946 1048
947 1048
948 1048
949 1048
951 1048
952 1048
953 1048
954 1048
955 1048
956 1048
957 1048
959 1048
961 1048
964 1048
965 1048
969 1048
970 1048
971 1048
972 1048
975 1048
977 1048
978 1048
980 1048
981 1048
983 1048
984 1048
985 1048
986 1048
987 1048
989 1048
990 1048
991 1048
993 1048
994 1048
995 1048
996 1048
997 1048
998 1048
1000 1048
1001 1048
1004 1048
1005 1048
1006 1048
1007 1048
1008 1048
1010 1048
1012 1048
1013 1048
1014 1048
1018 1048
1019 1048
1020 1048
1021 1048
1022 1048
1023 1048
1025 1048
1026 1048
1027 1048
1028 1048
1029 1048
1030 1048
1032 1048
1033 1048
1034 1048
1035 1048
1036 1048
1037 1048
1038 1048
1039 1048
1040 1048
1041 1048
1042 1048
1043 1048
1044 1048
1045 1048
1046 1048
929 1048
929 1048
931 1048
934 1048
937 1048
939 1048
940 1048
942 1048
943 1048
944 1048
946 1048
947 1048
949 1048
950 1048
952 1048
954 1048
957 1048
958 1048
959 1048
960 1048
961 1048
963 1048
965 1048
966 1048
967 1048
968 1048
969 1048
970 1048
973 1048
974 1048
977 1048
978 1048
979 1048
980 1048
981 1048
982 1048
983 1048
985 1048
988 1048
989 1048
990 1048
991 1048
992 1048
993 1048
995 1048
996 1048
998 1048
1001 1048
1002 1048
1003 1048
1005 1048
1006 1048
1007 1048
1008 1048
1009 1048
1010 1048
1011 1048
1012 1048
1013 1048
1014 1048
1015 1048
1016 1048
1018 1048
1019 1048
1020 1048
1021 1048
1023 1048
1024 1048
1025 1048
1026 1048
1027 1048
1028 1048
1029 1048
1030 1048
1031 1048
1032 1048
1033 1048
1034 1048
1035 1048
1036 1048
1037 1048
1038 1048
928 1048
928 1048
929 1048
930 1048
934 1048
936 1048
938 1048
939 1048
941 1048
942 1048
944 1048
946 1048
947 1048
948 1048
950 1048
953 1048
955 1048
956 1048
958 1048
960 1048
962 1048
963 1048
964 1048
965 1048
967 1048
968 1048
969 1048
970 1048
971 1048
972 1048
975 1048
976 1048
978 1048
980 1048
982 1048
984 1048
985 1048
986 1048
987 1048
990 1048
991 1048
992 1048
994 1048
996 1048
998 1048
999 1048
1000 1048
1001 1048
1003 1048
1004 1048
1005 1048
1006 1048
1008 1048
1010 1048
1011 1048
1012 1048
1014 1048
1016 1048
1017 1048
1018 1048
1019 1048
1020 1048
1021 1048
1022 1048
1023 1048
1025 1048
1026 1048
1027 1048
1028 1048
1029 1048
1030 1048
1032 1048
1033 1048
1034 1048
1035 1048
1036 1048
1039 1048
1040 1048
1041 1048
1042 1048
1043 1048
1044 1048
1045 1048
1047 1048
1048 1048
919 1048
919 1048
920 1048
921 1048
922 1048
924 1048
925 1048
926 1048
928 1048
931 1048
933 1048
934 1048
935 1048
936 1048
938 1048
939 1048
940 1048
941 1048
946 1048
947 1048
948 1048
950 1048
951 1048
954 1048
955 1048
956 1048
958 1048
959 1048
961 1048
964 1048
965 1048
968 1048
969 1048
970 1048
971 1048
972 1048
973 1048
974 1048
975 1048
976 1048
977 1048
978 1048
980 1048
983 1048
984 1048
985 1048
986 1048
988 1048
989 1048
990 1048
992 1048
993 1048
994 1048
996 1048
997 1048
998 1048
999 1048
1001 1048
1002 1048
1003 1048
1004 1048
1005 1048
1006 1048
1007 1048
1008 1048
1009 1048
1010 1048
1012 1048
1013 1048
1014 1048
1015 1048
1016 1048
1018 1048
1019 1048
1020 1048
1021 1048
1022 1048
1023 1048
1024 1048
1025 1048
1026 1048
1027 1048
1028 1048
1029 1048
1030 1048
1031 1048
926 1048
926 1048
928 1048
930 1048
931 1048
932 1048
933 1048
934 1048
937 1048
939 1048
941 1048
943 1048
946 1048
947 1048
949 1048
951 1048
952 1048
953 1048
954 1048
955 1048
958 1048
959 1048
961 1048
962 1048
963 1048
964 1048
966 1048
968 1048
969 1048
970 1048
972 1048
975 1048
976 1048
979 1048
980 1048
982 1048
983 1048
984 1048
985 1048
986 1048
987 1048
989 1048
990 1048
991 1048
992 1048
994 1048
995 1048
996 1048
998 1048
999 1048
1001 1048
1002 1048
1004 1048
1005 1048
1006 1048
1007 1048
1008 1048
1010 1048
1011 1048
1012 1048
1013 1048
1014 1048
1017 1048
1018 1048
1019 1048
1020 1048
1022 1048
1023 1048
1026 1048
1030 1048
1031 1048
1032 1048
1033 1048
1034 1048
1035 1048
1036 1048
1037 1048
1040 1048
950 1048
950 1048
952 1048
955 1048
958 1048
961 1048
962 1048
963 1048
965 1048
967 1048
968 1048
969 1048
974 1048
976 1048
979 1048
981 1048
982 1048
983 1048
985 1048
986 1048
988 1048
989 1048
990 1048
991 1048
992 1048
993 1048
995 1048
996 1048
997 1048
999 1048
1000 1048
1001 1048
1002 1048
1003 1048
1004 1048
1006 1048
1007 1048
1009 1048
1010 1048
1011 1048
1013 1048
1014 1048
1015 1048
1017 1048
1018 1048
1019 1048
1020 1048
1021 1048
1022 1048
1023 1048
1025 1048
1027 1048
1028 1048
1030 1048
1031 1048
1032 1048
1033 1048
1034 1048
1035 1048
1037 1048
1038 1048
1040 1048
1041 1048
929 1048
929 1048
931 1048
932 1048
933 1048
934 1048
936 1048
937 1048
939 1048
940 1048
941 1048
943 1048
945 1048
946 1048
948 1048
949 1048
950 1048
951 1048
955 1048
956 1048
957 1048
959 1048
964 1048
968 1048
971 1048
973 1048
975 1048
976 1048
977 1048
978 1048
980 1048
982 1048
983 1048
984 1048
985 1048
986 1048
987 1048
988 1048
990 1048
991 1048
992 1048
993 1048
994 1048
996 1048
997 1048
998 1048
999 1048
1000 1048
1001 1048
1002 1048
1003 1048
1004 1048
1005 1048
1006 1048
1009 1048
1011 1048
1012 1048
1013 1048
1015 1048
1017 1048
1019 1048
1021 1048
1023 1048
1024 1048
1025 1048
1026 1048
1027 1048
1028 1048
1030 1048
1032 1048
1033 1048
1034 1048
1035 1048
1036 1048
1037 1048
1038 1048
1040 1048
1041 1048
926 1048
926 1048
927 1048
928 1048
931 1048
933 1048
934 1048
936 1048
937 1048
938 1048
940 1048
941 1048
942 1048
944 1048
946 1048
947 1048
948 1048
950 1048
951 1048
952 1048
954 1048
958 1048
959 1048
960 1048
963 1048
964 1048
965 1048
966 1048
968 1048
969 1048
972 1048
974 1048
975 1048
976 1048
980 1048
981 1048
983 1048
984 1048
985 1048
986 1048
988 1048
989 1048
992 1048
993 1048
994 1048
995 1048
996 1048
998 1048
1001 1048
1002 1048
1004 1048
1005 1048
1006 1048
1007 1048
1009 1048
1010 1048
1012 1048
1013 1048
1015 1048
1016 1048
1018 1048
1019 1048
1020 1048
1021 1048
1022 1048
1023 1048
1024 1048
1026 1048
1027 1048
1028 1048
1029 1048
1030 1048
1032 1048
1033 1048
1034 1048
1035 1048
1036 1048
1037 1048
1038 1048
1039 1048
1040 1048
1041 1048
1042 1048
1043 1048
1044 1048
1045 1048
938 1048
938 1048
940 1048
942 1048
943 1048
945 1048
946 1048
947 1048
948 1048
949 1048
950 1048
953 1048
954 1048
956 1048
958 1048
960 1048
962 1048
964 1048
965 1048
968 1048
969 1048
971 1048
974 1048
975 1048
976 1048
977 1048
978 1048
980 1048
982 1048
985 1048
988 1048
989 1048
991 1048
992 1048
993 1048
996 1048
998 1048
1000 1048
1001 1048
1002 1048
1004 1048
1005 1048
1007 1048
1008 1048
1011 1048
1012 1048
1014 1048
1015 1048
1016 1048
1019 1048
1020 1048
1021 1048
1022 1048
1023 1048
1025 1048
1026 1048
1027 1048
1029 1048
1030 1048
1031 1048
1032 1048
1033 1048
1034 1048
1035 1048
1036 1048
1037 1048
1038 1048
1039 1048
930 1048
930 1048
932 1048
934 1048
936 1048
937 1048
939 1048
942 1048
947 1048
949 1048
950 1048
952 1048
953 1048
954 1048
955 1048
956 1048
957 1048
958 1048
962 1048
963 1048
964 1048
965 1048
966 1048
968 1048
969 1048
970 1048
974 1048
975 1048
979 1048
980 1048
981 1048
982 1048
983 1048
984 1048
985 1048
986 1048
990 1048
991 1048
992 1048
993 1048
994 1048
995 1048
998 1048
999 1048
1000 1048
1002 1048
1005 1048
1006 1048
1007 1048
1008 1048
1009 1048
1011 1048
1012 1048
1014 1048
1015 1048
1017 1048
1019 1048
1021 1048
1022 1048
1023 1048
1024 1048
1026 1048
1027 1048
1029 1048
1030 1048
1031 1048
1032 1048
1033 1048
1034 1048
1035 1048
1036 1048
1037 1048
1038 1048
1039 1048
1040 1048
1041 1048
1043 1048
1044 1048
1045 1048
961 1048
961 1048
963 1048
964 1048
965 1048
966 1048
967 1048
969 1048
973 1048
975 1048
977 1048
978 1048
979 1048
980 1048
982 1048
984 1048
985 1048
986 1048
988 1048
989 1048
990 1048
991 1048
993 1048
994 1048
995 1048
997 1048
999 1048
1000 1048
1002 1048
1003 1048
1004 1048
1005 1048
1006 1048
1007 1048
1008 1048
1009 1048
1011 1048
1012 1048
1013 1048
1014 1048
1015 1048
1016 1048
1017 1048
1018 1048
1019 1048
1022 1048
1023 1048
1024 1048
1025 1048
1026 1048
1027 1048
1028 1048
1030 1048
1031 1048
1033 1048
1034 1048
1035 1048
1036 1048
945 1048
945 1048
946 1048
949 1048
951 1048
953 1048
954 1048
956 1048
958 1048
960 1048
962 1048
963 1048
964 1048
965 1048
967 1048
970 1048
973 1048
975 1048
976 1048
977 1048
978 1048
980 1048
981 1048
982 1048
983 1048
984 1048
985 1048
986 1048
987 1048
988 1048
989 1048
990 1048
991 1048
992 1048
994 1048
995 1048
996 1048
997 1048
998 1048
999 1048
1000 1048
1002 1048
1003 1048
1005 1048
1007 1048
1009 1048
1010 1048
1012 1048
1013 1048
1015 1048
1016 1048
1017 1048
1018 1048
1020 1048
1021 1048
1022 1048
1024 1048
1025 1048
1026 1048
1027 1048
1028 1048
1029 1048
1030 1048
1031 1048
1032 1048
1033 1048
1034 1048
1035 1048
1036 1048
1037 1048
1038 1048
1039 1048
1040 1048
1041 1048
1042 1048
1043 1048
1044 1048
941 1048
941 1048
942 1048
943 1048
944 1048
947 1048
948 1048
949 1048
950 1048
951 1048
953 1048
954 1048
955 1048
957 1048
959 1048
962 1048
964 1048
965 1048
966 1048
967 1048
969 1048
970 1048
971 1048
972 1048
975 1048
976 1048
977 1048
979 1048
980 1048
981 1048
982 1048
983 1048
987 1048
988 1048
989 1048
990 1048
992 1048
994 1048
995 1048
997 1048
998 1048
999 1048
1001 1048
1002 1048
1003 1048
1004 1048
1005 1048
1006 1048
1007 1048
1009 1048
1010 1048
1011 1048
1012 1048
1013 1048
1015 1048
1016 1048
1018 1048
1019 1048
1020 1048
1021 1048
1022 1048
1023 1048
1024 1048
1026 1048
1027 1048
1028 1048
1030 1048
1031 1048
1032 1048
1033 1048
1034 1048
1035 1048
1037 1048
1038 1048
1039 1048
1040 1048
1041 1048
1043 1048
1044 1048
1045 1048
1046 1048
1047 1048
1048 1048
1049 1049
1050 1050
1051 1051
922 1051
922 1051
926 1051
928 1051
931 1051
932 1051
933 1051
934 1051
936 1051
939 1051
942 1051
943 1051
944 1051
946 1051
949 1051
950 1051
951 1051
953 1051
955 1051
957 1051
958 1051
960 1051
962 1051
965 1051
966 1051
967 1051
968 1051
969 1051
970 1051
971 1051
972 1051
975 1051
977 1051
978 1051
980 1051
981 1051
982 1051
983 1051
985 1051
987 1051
988 1051
990 1051
991 1051
992 1051
993 1051
994 1051
995 1051
996 1051
997 1051
998 1051
999 1051
1001 1051
1003 1051
1004 1051
1005 1051
1006 1051
1007 1051
1008 1051
1009 1051
1010 1051
1011 1051
1012 1051
1013 1051
1014 1051
1015 1051
1016 1051
1017 1051
1018 1051
1019 1051
1021 1051
1022 1051
1023 1051
1026 1051
1027 1051
1028 1051
1029 1051
1030 1051
1031 1051
1033 1051
1034 1051
1035 1051
1036 1051
945 1051
945 1051
947 1051
949 1051
950 1051
952 1051
953 1051
954 1051
955 1051
957 1051
959 1051
960 1051
961 1051
964 1051
966 1051
967 1051
968 1051
969 1051
970 1051
971 1051
973 1051
974 1051
976 1051
977 1051
981 1051
982 1051
984 1051
985 1051
986 1051
987 1051
989 1051
991 1051
992 1051
993 1051
994 1051
996 1051
997 1051
999 1051
1000 1051
1002 1051
1003 1051
1004 1051
1005 1051
1006 1051
1007 1051
1008 1051
1010 1051
1012 1051
1014 1051
1015 1051
1016 1051
1018 1051
1019 1051
1020 1051
1021 1051
1022 1051
1023 1051
1024 1051
1025 1051
1026 1051
1028 1051
1029 1051
1030 1051
1032 1051
1033 1051
1034 1051
1035 1051
1038 1051
1039 1051
1040 1051
1041 1051
1042 1051
1043 1051
936 1051
936 1051
938 1051
939 1051
941 1051
942 1051
943 1051
946 1051
947 1051
948 1051
951 1051
952 1051
955 1051
956 1051
959 1051
960 1051
961 1051
962 1051
964 1051
965 1051
966 1051
967 1051
970 1051
973 1051
974 1051
975 1051
977 1051
978 1051
979 1051
981 1051
982 1051
984 1051
985 1051
987 1051
988 1051
989 1051
990 1051
991 1051
993 1051
994 1051
995 1051
996 1051
998 1051
999 1051
1000 1051
1001 1051
1002 1051
1005 1051
1006 1051
1007 1051
1009 1051
1010 1051
1011 1051
1012 1051
1013 1051
1014 1051
1016 1051
1017 1051
1018 1051
1020 1051
1021 1051
1023 1051
1025 1051
1026 1051
1027 1051
1029 1051
1030 1051
1031 1051
1032 1051
1034 1051
1035 1051
1036 1051
1037 1051
1038 1051
1039 1051
1040 1051
1041 1051
1042 1051
924 1051
924 1051
927 1051
928 1051
930 1051
932 1051
935 1051
937 1051
938 1051
941 1051
944 1051
946 1051
947 1051
948 1051
950 1051
951 1051
952 1051
954 1051
955 1051
956 1051
958 1051
960 1051
961 1051
962 1051
963 1051
966 1051
968 1051
969 1051
971 1051
973 1051
975 1051
976 1051
978 1051
980 1051
981 1051
983 1051
985 1051
986 1051
987 1051
989 1051
992 1051
993 1051
994 1051
995 1051
996 1051
999 1051
1000 1051
1001 1051
1002 1051
1003 1051
1004 1051
1006 1051
1008 1051
1009 1051
1010 1051
1011 1051
1015 1051
1016 1051
1017 1051
1018 1051
1019 1051
1020 1051
1021 1051
1022 1051
1024 1051
1025 1051
1026 1051
1027 1051
1028 1051
1029 1051
1030 1051
1031 1051
927 1051
927 1051
932 1051
933 1051
935 1051
936 1051
939 1051
942 1051
944 1051
945 1051
947 1051
948 1051
949 1051
950 1051
951 1051
953 1051
954 1051
955 1051
957 1051
959 1051
960 1051
961 1051
962 1051
967 1051
968 1051
970 1051
972 1051
973 1051
974 1051
975 1051
976 1051
981 1051
982 1051
983 1051
986 1051
987 1051
988 1051
989 1051
991 1051
992 1051
993 1051
994 1051
996 1051
997 1051
998 1051
1000 1051
1001 1051
1002 1051
1003 1051
1005 1051
1006 1051
1008 1051
1009 1051
1010 1051
1012 1051
1013 1051
1014 1051
1015 1051
1016 1051
1017 1051
1019 1051
1021 1051
1022 1051
1023 1051
1024 1051
1025 1051
1026 1051
1027 1051
1028 1051
1029 1051
1030 1051
1031 1051
926 1051
926 1051
928 1051
929 1051
932 1051
934 1051
935 1051
936 1051
937 1051
938 1051
941 1051
942 1051
944 1051
945 1051
946 1051
948 1051
953 1051
956 1051
957 1051
958 1051
960 1051
961 1051
962 1051
966 1051
967 1051
968 1051
970 1051
971 1051
972 1051
973 1051
974 1051
975 1051
976 1051
977 1051
979 1051
981 1051
982 1051
986 1051
987 1051
988 1051
990 1051
993 1051
994 1051
996 1051
997 1051
998 1051
999 1051
1000 1051
1002 1051
1004 1051
1006 1051
1007 1051
1008 1051
1009 1051
1010 1051
1011 1051
1012 1051
1013 1051
1015 1051
1016 1051
1018 1051
1022 1051
1023 1051
1026 1051
1027 1051
1028 1051
1030 1051
1031 1051
1032 1051
1033 1051
1034 1051
1037 1051
1038 1051
1039 1051
1040 1051
936 1051
936 1051
937 1051
938 1051
941 1051
944 1051
946 1051
947 1051
949 1051
950 1051
952 1051
953 1051
954 1051
955 1051
957 1051
958 1051
959 1051
960 1051
962 1051
964 1051
966 1051
968 1051
971 1051
972 1051
973 1051
974 1051
975 1051
976 1051
978 1051
979 1051
981 1051
982 1051
983 1051
985 1051
987 1051
989 1051
990 1051
992 1051
994 1051
995 1051
996 1051
997 1051
998 1051
999 1051
1003 1051
1005 1051
1007 1051
1008 1051
1009 1051
1010 1051
1011 1051
1012 1051
1015 1051
1019 1051
1020 1051
1021 1051
1023 1051
1024 1051
1025 1051
1026 1051
1027 1051
1028 1051
1029 1051
1030 1051
1031 1051
1033 1051
1034 1051
1035 1051
1036 1051
1037 1051
935 1051
935 1051
938 1051
939 1051
940 1051
941 1051
942 1051
943 1051
945 1051
946 1051
947 1051
949 1051
952 1051
953 1051
954 1051
955 1051
956 1051
958 1051
962 1051
964 1051
966 1051
967 1051
968 1051
970 1051
972 1051
974 1051
975 1051
976 1051
977 1051
978 1051
979 1051
981 1051
983 1051
986 1051
987 1051
988 1051
990 1051
992 1051
993 1051
994 1051
995 1051
996 1051
998 1051
999 1051
1000 1051
1001 1051
1003 1051
1004 1051
1005 1051
1006 1051
1007 1051
1008 1051
1009 1051
1010 1051
1012 1051
1013 1051
1014 1051
1015 1051
1016 1051
1017 1051
1018 1051
1019 1051
1020 1051
1021 1051
1024 1051
1025 1051
1026 1051
1027 1051
1028 1051
1029 1051
1030 1051
1031 1051
1032 1051
1033 1051
1034 1051
1035 1051
1036 1051
1037 1051
1038 1051
1039 1051
1040 1051
941 1051
941 1051
942 1051
943 1051
944 1051
949 1051
950 1051
951 1051
952 1051
953 1051
955 1051
957 1051
958 1051
960 1051
962 1051
964 1051
966 1051
967 1051
968 1051
970 1051
972 1051
973 1051
974 1051
977 1051
978 1051
979 1051
980 1051
981 1051
982 1051
983 1051
985 1051
987 1051
989 1051
990 1051
992 1051
996 1051
997 1051
998 1051
999 1051
1000 1051
1001 1051
1003 1051
1004 1051
1005 1051
1006 1051
1007 1051
1008 1051
1010 1051
1012 1051
1013 1051
1014 1051
1015 1051
1016 1051
1017 1051
1018 1051
1019 1051
1020 1051
1022 1051
1024 1051
1025 1051
1026 1051
1027 1051
1028 1051
1030 1051
1031 1051
1032 1051
1034 1051
1035 1051
1036 1051
1037 1051
1038 1051
1039 1051
1040 1051
1041 1051
936 1051
936 1051
937 1051
940 1051
941 1051
942 1051
943 1051
944 1051
945 1051
947 1051
948 1051
949 1051
950 1051
951 1051
954 1051
958 1051
959 1051
960 1051
961 1051
963 1051
964 1051
965 1051
966 1051
967 1051
968 1051
970 1051
971 1051
972 1051
974 1051
976 1051
977 1051
979 1051
980 1051
982 1051
984 1051
985 1051
986 1051
987 1051
988 1051
989 1051
990 1051
991 1051
992 1051
995 1051
996 1051
998 1051
999 1051
1000 1051
1003 1051
1004 1051
1005 1051
1006 1051
1007 1051
1008 1051
1009 1051
1011 1051
1012 1051
1014 1051
1015 1051
1017 1051
1018 1051
1020 1051
1021 1051
1022 1051
1023 1051
1024 1051
1025 1051
1027 1051
1028 1051
1029 1051
1030 1051
1032 1051
1033 1051
1034 1051
1036 1051
1037 1051
1038 1051
1039 1051
1040 1051
1041 1051
1042 1051
1043 1051
1044 1051
1045 1051
943 1051
943 1051
944 1051
947 1051
948 1051
949 1051
950 1051
951 1051
952 1051
953 1051
956 1051
959 1051
961 1051
962 1051
964 1051
965 1051
967 1051
968 1051
971 1051
973 1051
974 1051
976 1051
979 1051
981 1051
983 1051
985 1051
986 1051
989 1051
990 1051
992 1051
993 1051
994 1051
995 1051
996 1051
997 1051
998 1051
1001 1051
1002 1051
1003 1051
1005 1051
1006 1051
1007 1051
1010 1051
1011 1051
1012 1051
1013 1051
1014 1051
1016 1051
1017 1051
1018 1051
1019 1051
1020 1051
1022 1051
1023 1051
1024 1051
1025 1051
1026 1051
1027 1051
1028 1051
1029 1051
1030 1051
1031 1051
1032 1051
1033 1051
1034 1051
1035 1051
1036 1051
1038 1051
1040 1051
1041 1051
941 1051
941 1051
942 1051
943 1051
944 1051
946 1051
948 1051
949 1051
950 1051
954 1051
955 1051
957 1051
959 1051
960 1051
961 1051
962 1051
965 1051
966 1051
967 1051
968 1051
969 1051
971 1051
972 1051
973 1051
974 1051
975 1051
978 1051
981 1051
983 1051
985 1051
986 1051
988 1051
989 1051
990 1051
991 1051
993 1051
994 1051
995 1051
998 1051
999 1051
1001 1051
1002 1051
1004 1051
1005 1051
1007 1051
1008 1051
1010 1051
1011 1051
1012 1051
1013 1051
1014 1051
1015 1051
1017 1051
1018 1051
1019 1051
1020 1051
1021 1051
1022 1051
1024 1051
1025 1051
1026 1051
1028 1051
1029 1051
1032 1051
1033 1051
1034 1051
1035 1051
1036 1051
1037 1051
1038 1051
1039 1051
1040 1051
1041 1051
1042 1051
934 1051
934 1051
935 1051
936 1051
937 1051
941 1051
942 1051
946 1051
947 1051
951 1051
952 1051
955 1051
957 1051
958 1051
960 1051
961 1051
963 1051
964 1051
965 1051
966 1051
967 1051
969 1051
971 1051
974 1051
976 1051
982 1051
983 1051
987 1051
989 1051
990 1051
992 1051
993 1051
995 1051
996 1051
997 1051
999 1051
1000 1051
1001 1051
1002 1051
1005 1051
1006 1051
1007 1051
1008 1051
1009 1051
1010 1051
1011 1051
1013 1051
1014 1051
1015 1051
1016 1051
1017 1051
1019 1051
1020 1051
1021 1051
1022 1051
1023 1051
1024 1051
1025 1051
1026 1051
1027 1051
1028 1051
1031 1051
1032 1051
1033 1051
1034 1051
1035 1051
1036 1051
1037 1051
937 1051
937 1051
939 1051
942 1051
944 1051
945 1051
946 1051
947 1051
950 1051
952 1051
953 1051
954 1051
956 1051
958 1051
960 1051
962 1051
963 1051
964 1051
965 1051
966 1051
967 1051
968 1051
969 1051
973 1051
974 1051
977 1051
978 1051
979 1051
980 1051
981 1051
982 1051
984 1051
985 1051
986 1051
987 1051
989 1051
992 1051
994 1051
995 1051
998 1051
999 1051
1000 1051
1001 1051
1002 1051
1003 1051
1004 1051
1005 1051
1006 1051
1007 1051
1010 1051
1012 1051
1014 1051
1016 1051
1018 1051
1020 1051
1021 1051
1022 1051
1024 1051
1025 1051
1026 1051
1027 1051
1028 1051
1029 1051
1030 1051
1031 1051
1032 1051
1033 1051
1034 1051
1035 1051
1036 1051
1038 1051
1039 1051
1040 1051
1042 1051
1043 1051
1044 1051
1045 1051
937 1051
937 1051
938 1051
940 1051
943 1051
945 1051
947 1051
948 1051
949 1051
950 1051
951 1051
953 1051
954 1051
957 1051
960 1051
961 1051
962 1051
963 1051
965 1051
966 1051
967 1051
968 1051
969 1051
971 1051
972 1051
973 1051
974 1051
976 1051
977 1051
982 1051
984 1051
985 1051
986 1051
988 1051
989 1051
991 1051
992 1051
994 1051
996 1051
997 1051
998 1051
999 1051
1000 1051
1001 1051
1002 1051
1004 1051
1007 1051
1008 1051
1010 1051
1012 1051
1013 1051
1014 1051
1015 1051
1016 1051
1017 1051
1018 1051
1019 1051
1020 1051
1021 1051
1022 1051
1023 1051
1024 1051
1026 1051
1027 1051
1028 1051
1029 1051
1030 1051
1032 1051
1033 1051
1034 1051
1035 1051
1036 1051
1037 1051
1038 1051
1039 1051
1040 1051
1041 1051
1042 1051
923 1051
923 1051
925 1051
928 1051
930 1051
931 1051
934 1051
936 1051
938 1051
941 1051
942 1051
943 1051
944 1051
945 1051
946 1051
947 1051
948 1051
949 1051
954 1051
955 1051
958 1051
960 1051
961 1051
962 1051
964 1051
965 1051
967 1051
970 1051
971 1051
972 1051
973 1051
975 1051
976 1051
979 1051
981 1051
983 1051
984 1051
985 1051
988 1051
989 1051
991 1051
992 1051
993 1051
994 1051
995 1051
998 1051
1002 1051
1003 1051
1004 1051
1005 1051
1007 1051
1008 1051
1010 1051
1011 1051
1012 1051
1013 1051
1015 1051
1016 1051
1018 1051
1019 1051
1020 1051
1023 1051
1025 1051
1026 1051
1027 1051
1028 1051
1029 1051
1031 1051
1033 1051
1034 1051
1035 1051
911 1051
911 1051
912 1051
915 1051
916 1051
918 1051
919 1051
920 1051
922 1051
924 1051
928 1051
929 1051
930 1051
931 1051
933 1051
936 1051
940 1051
943 1051
944 1051
945 1051
946 1051
947 1051
948 1051
949 1051
950 1051
952 1051
955 1051
956 1051
958 1051
959 1051
960 1051
961 1051
963 1051
965 1051
966 1051
967 1051
970 1051
971 1051
972 1051
973 1051
974 1051
975 1051
976 1051
977 1051
978 1051
979 1051
980 1051
982 1051
983 1051
986 1051
987 1051
988 1051
989 1051
990 1051
991 1051
993 1051
994 1051
995 1051
996 1051
997 1051
998 1051
999 1051
1001 1051
1004 1051
1005 1051
1006 1051
1007 1051
1008 1051
1009 1051
1012 1051
1013 1051
1014 1051
1016 1051
1018 1051
1019 1051
1020 1051
1021 1051
1022 1051
1023 1051
1024 1051
1026 1051
1027 1051
1028 1051
1029 1051
1030 1051
1032 1051
1033 1051
1034 1051
1035 1051
938 1051
938 1051
942 1051
943 1051
944 1051
945 1051
948 1051
950 1051
951 1051
952 1051
953 1051
955 1051
957 1051
959 1051
960 1051
962 1051
964 1051
966 1051
967 1051
968 1051
969 1051
970 1051
971 1051
972 1051
974 1051
975 1051
977 1051
978 1051
980 1051
981 1051
982 1051
983 1051
984 1051
985 1051
986 1051
987 1051
988 1051
990 1051
991 1051
992 1051
993 1051
995 1051
996 1051
997 1051
999 1051
1000 1051
1003 1051
1004 1051
1005 1051
1007 1051
1008 1051
1009 1051
1010 1051
1011 1051
1012 1051
1014 1051
1015 1051
1016 1051
1017 1051
1018 1051
1019 1051
1021 1051
1022 1051
1023 1051
1024 1051
1025 1051
1026 1051
1027 1051
1028 1051
1030 1051
1031 1051
1032 1051
1033 1051
1034 1051
1035 1051
1036 1051
1037 1051
925 1051
925 1051
927 1051
930 1051
931 1051
934 1051
935 1051
936 1051
939 1051
940 1051
942 1051
944 1051
946 1051
948 1051
950 1051
952 1051
956 1051
957 1051
959 1051
961 1051
963 1051
965 1051
967 1051
968 1051
970 1051
971 1051
974 1051
979 1051
980 1051
981 1051
982 1051
983 1051
984 1051
985 1051
986 1051
987 1051
988 1051
989 1051
991 1051
992 1051
993 1051
995 1051
998 1051
999 1051
1000 1051
1001 1051
1004 1051
1007 1051
1008 1051
1009 1051
1012 1051
1013 1051
1014 1051
1015 1051
1016 1051
1017 1051
1018 1051
1020 1051
1021 1051
1023 1051
1024 1051
1026 1051
1027 1051
1028 1051
1030 1051
1031 1051
1033 1051
1034 1051
1036 1051
1037 1051
1038 1051
1039 1051
1040 1051
1041 1051
937 1051
937 1051
941 1051
944 1051
946 1051
947 1051
950 1051
952 1051
953 1051
958 1051
959 1051
961 1051
963 1051
965 1051
966 1051
968 1051
969 1051
970 1051
971 1051
972 1051
976 1051
978 1051
979 1051
980 1051
982 1051
984 1051
986 1051
987 1051
988 1051
989 1051
990 1051
993 1051
995 1051
996 1051
997 1051
998 1051
999 1051
1001 1051
1002 1051
1003 1051
1004 1051
1005 1051
1006 1051
1007 1051
1009 1051
1010 1051
1011 1051
1013 1051
1015 1051
1016 1051
1017 1051
1018 1051
1019 1051
1020 1051
1022 1051
1023 1051
1024 1051
1025 1051
1026 1051
1027 1051
1028 1051
1029 1051
1030 1051
1032 1051
1033 1051
1035 1051
1036 1051
1037 1051
1038 1051
933 1051
933 1051
936 1051
939 1051
941 1051
943 1051
946 1051
947 1051
948 1051
949 1051
950 1051
952 1051
955 1051
956 1051
957 1051
958 1051
959 1051
960 1051
961 1051
963 1051
965 1051
969 1051
970 1051
971 1051
972 1051
973 1051
974 1051
975 1051
978 1051
979 1051
981 1051
982 1051
983 1051
984 1051
986 1051
987 1051
991 1051
992 1051
993 1051
994 1051
996 1051
997 1051
998 1051
999 1051
1000 1051
1002 1051
1003 1051
1004 1051
1005 1051
1006 1051
1007 1051
1010 1051
1011 1051
1012 1051
1013 1051
1015 1051
1016 1051
1017 1051
1018 1051
1019 1051
1020 1051
1021 1051
1022 1051
1023 1051
1024 1051
1025 1051
1026 1051
1027 1051
1028 1051
1029 1051
1030 1051
923 1051
923 1051
924 1051
926 1051
929 1051
931 1051
932 1051
934 1051
935 1051
938 1051
939 1051
941 1051
945 1051
946 1051
948 1051
950 1051
952 1051
953 1051
955 1051
956 1051
957 1051
960 1051
961 1051
962 1051
963 1051
965 1051
967 1051
968 1051
971 1051
972 1051
973 1051
974 1051
975 1051
976 1051
977 1051
978 1051
981 1051
982 1051
983 1051
985 1051
986 1051
988 1051
989 1051
990 1051
993 1051
994 1051
996 1051
997 1051
999 1051
1001 1051
1002 1051
1003 1051
1005 1051
1006 1051
1007 1051
1008 1051
1009 1051
1014 1051
1015 1051
1016 1051
1018 1051
1020 1051
1021 1051
1022 1051
1023 1051
1024 1051
1025 1051
1026 1051
1027 1051
1028 1051
1029 1051
1030 1051
1031 1051
918 1051
918 1051
922 1051
924 1051
926 1051
928 1051
929 1051
931 1051
933 1051
934 1051
935 1051
936 1051
937 1051
938 1051
940 1051
941 1051
942 1051
944 1051
947 1051
948 1051
951 1051
953 1051
955 1051
956 1051
958 1051
959 1051
961 1051
963 1051
967 1051
968 1051
970 1051
971 1051
972 1051
974 1051
975 1051
976 1051
980 1051
981 1051
982 1051
983 1051
984 1051
985 1051
986 1051
987 1051
988 1051
989 1051
993 1051
994 1051
996 1051
997 1051
999 1051
1000 1051
1001 1051
1003 1051
1004 1051
1005 1051
1006 1051
1008 1051
1009 1051
1010 1051
1011 1051
1012 1051
1013 1051
1014 1051
1016 1051
1018 1051
1019 1051
1020 1051
1021 1051
1022 1051
1023 1051
1024 1051
1025 1051
1026 1051
1027 1051
1028 1051
1029 1051
1030 1051
1031 1051
1032 1051
1033 1051
923 1051
923 1051
926 1051
928 1051
930 1051
931 1051
934 1051
935 1051
939 1051
940 1051
942 1051
944 1051
945 1051
946 1051
947 1051
949 1051
950 1051
951 1051
952 1051
954 1051
955 1051
956 1051
958 1051
959 1051
962 1051
963 1051
965 1051
967 1051
968 1051
969 1051
971 1051
972 1051
976 1051
979 1051
981 1051
985 1051
987 1051
988 1051
989 1051
990 1051
991 1051
992 1051
993 1051
994 1051
996 1051
997 1051
998 1051
999 1051
1000 1051
1002 1051
1003 1051
1004 1051
1006 1051
1008 1051
1009 1051
1010 1051
1011 1051
1012 1051
1013 1051
1014 1051
1015 1051
1017 1051
1020 1051
1021 1051
1022 1051
1023 1051
1025 1051
1026 1051
1027 1051
1028 1051
1029 1051
1031 1051
1032 1051
1034 1051
1037 1051
1038 1051
1039 1051
1040 1051
1041 1051
1042 1051
932 1051
932 1051
933 1051
935 1051
936 1051
938 1051
939 1051
941 1051
942 1051
943 1051
945 1051
946 1051
947 1051
949 1051
950 1051
951 1051
953 1051
955 1051
957 1051
959 1051
960 1051
962 1051
965 1051
967 1051
968 1051
969 1051
971 1051
972 1051
975 1051
976 1051
978 1051
980 1051
981 1051
983 1051
985 1051
986 1051
990 1051
992 1051
993 1051
994 1051
996 1051
998 1051
999 1051
1000 1051
1001 1051
1002 1051
1004 1051
1005 1051
1006 1051
1007 1051
1009 1051
1010 1051
1011 1051
1014 1051
1015 1051
1016 1051
1018 1051
1019 1051
1021 1051
1022 1051
1023 1051
1024 1051
1025 1051
1026 1051
1027 1051
1028 1051
1029 1051
1030 1051
1032 1051
1033 1051
938 1051
938 1051
940 1051
941 1051
942 1051
944 1051
945 1051
948 1051
949 1051
950 1051
951 1051
952 1051
953 1051
956 1051
957 1051
958 1051
960 1051
961 1051
962 1051
963 1051
964 1051
965 1051
966 1051
967 1051
969 1051
970 1051
974 1051
976 1051
978 1051
979 1051
980 1051
982 1051
983 1051
985 1051
986 1051
987 1051
988 1051
989 1051
990 1051
992 1051
995 1051
997 1051
998 1051
999 1051
1002 1051
1004 1051
1005 1051
1006 1051
1007 1051
1008 1051
1009 1051
1010 1051
1012 1051
1013 1051
1014 1051
1015 1051
1017 1051
1019 1051
1020 1051
1021 1051
1022 1051
1023 1051
1026 1051
1028 1051
1029 1051
1030 1051
1031 1051
1032 1051
958 1051
958 1051
959 1051
961 1051
962 1051
963 1051
964 1051
968 1051
969 1051
970 1051
972 1051
973 1051
978 1051
979 1051
980 1051
981 1051
984 1051
985 1051
987 1051
988 1051
989 1051
990 1051
991 1051
995 1051
997 1051
999 1051
1002 1051
1004 1051
1005 1051
1006 1051
1007 1051
1009 1051
1010 1051
1012 1051
1013 1051
1014 1051
1015 1051
1016 1051
1017 1051
1018 1051
1019 1051
1020 1051
1021 1051
1022 1051
1023 1051
1024 1051
1025 1051
1026 1051
1027 1051
1028 1051
1029 1051
1030 1051
1031 1051
1032 1051
1033 1051
1034 1051
1035 1051
1036 1051
1037 1051
1038 1051
1039 1051
934 1051
934 1051
935 1051
936 1051
938 1051
940 1051
942 1051
944 1051
945 1051
946 1051
947 1051
948 1051
949 1051
950 1051
954 1051
955 1051
957 1051
959 1051
960 1051
961 1051
962 1051
964 1051
965 1051
966 1051
967 1051
969 1051
970 1051
971 1051
972 1051
974 1051
975 1051
978 1051
980 1051
981 1051
982 1051
983 1051
985 1051
988 1051
989 1051
990 1051
991 1051
993 1051
998 1051
999 1051
1001 1051
1002 1051
1005 1051
1006 1051
1007 1051
1008 1051
1009 1051
1010 1051
1011 1051
1013 1051
1014 1051
1015 1051
1016 1051
1017 1051
1018 1051
1019 1051
1020 1051
1021 1051
1022 1051
1024 1051
1025 1051
1026 1051
1027 1051
1028 1051
1029 1051
1030 1051
1031 1051
1032 1051
1033 1051
1034 1051
1035 1051
1038 1051
1039 1051
1040 1051
943 1051
943 1051
946 1051
948 1051
949 1051
951 1051
953 1051
956 1051
959 1051
962 1051
964 1051
966 1051
967 1051
968 1051
969 1051
971 1051
972 1051
974 1051
976 1051
978 1051
979 1051
980 1051
983 1051
984 1051
987 1051
988 1051
989 1051
990 1051
991 1051
992 1051
993 1051
994 1051
995 1051
996 1051
997 1051
999 1051
1000 1051
1002 1051
1003 1051
1004 1051
1005 1051
1006 1051
1007 1051
1009 1051
1010 1051
1014 1051
1017 1051
1018 1051
1019 1051
1021 1051
1023 1051
1024 1051
1025 1051
1027 1051
1029 1051
1032 1051
1033 1051
1034 1051
1035 1051
1036 1051
1037 1051
1038 1051
1042 1051
1043 1051
1044 1051
936 1051
936 1051
938 1051
940 1051
941 1051
942 1051
946 1051
948 1051
949 1051
953 1051
954 1051
955 1051
957 1051
958 1051
959 1051
960 1051
962 1051
966 1051
967 1051
969 1051
970 1051
972 1051
973 1051
974 1051
977 1051
978 1051
979 1051
980 1051
981 1051
982 1051
983 1051
984 1051
985 1051
987 1051
988 1051
989 1051
991 1051
992 1051
993 1051
996 1051
998 1051
1000 1051
1001 1051
1002 1051
1003 1051
1004 1051
1005 1051
1006 1051
1007 1051
1009 1051
1010 1051
1012 1051
1013 1051
1014 1051
1015 1051
1016 1051
1017 1051
1018 1051
1020 1051
1021 1051
1022 1051
1023 1051
1024 1051
1026 1051
1027 1051
1028 1051
1029 1051
1030 1051
1031 1051
1032 1051
924 1051
924 1051
925 1051
926 1051
927 1051
929 1051
931 1051
932 1051
934 1051
935 1051
938 1051
942 1051
943 1051
945 1051
947 1051
948 1051
950 1051
951 1051
952 1051
956 1051
959 1051
963 1051
964 1051
965 1051
967 1051
970 1051
971 1051
973 1051
974 1051
976 1051
979 1051
980 1051
981 1051
982 1051
983 1051
985 1051
986 1051
989 1051
992 1051
995 1051
996 1051
997 1051
998 1051
999 1051
1002 1051
1003 1051
1004 1051
1006 1051
1007 1051
1009 1051
1010 1051
1012 1051
1013 1051
1015 1051
1017 1051
1018 1051
1019 1051
1020 1051
1021 1051
1022 1051
1023 1051
1025 1051
1026 1051
1027 1051
1028 1051
1029 1051
1030 1051
1031 1051
1032 1051
1033 1051
1034 1051
1035 1051
1036 1051
1038 1051
922 1051
922 1051
923 1051
924 1051
925 1051
926 1051
927 1051
929 1051
931 1051
933 1051
934 1051
935 1051
936 1051
938 1051
939 1051
941 1051
942 1051
943 1051
944 1051
946 1051
947 1051
949 1051
950 1051
952 1051
954 1051
957 1051
958 1051
959 1051
962 1051
963 1051
965 1051
966 1051
967 1051
969 1051
970 1051
973 1051
974 1051
975 1051
976 1051
979 1051
980 1051
981 1051
982 1051
985 1051
986 1051
988 1051
990 1051
991 1051
993 1051
995 1051
996 1051
998 1051
999 1051
1000 1051
1001 1051
1002 1051
1003 1051
1004 1051
1005 1051
1006 1051
1007 1051
1008 1051
1011 1051
1012 1051
1013 1051
1014 1051
1016 1051
1017 1051
1020 1051
1021 1051
1023 1051
1024 1051
1026 1051
1027 1051
1029 1051
1030 1051
1031 1051
1032 1051
1033 1051
1035 1051
1037 1051
1038 1051
1039 1051
1040 1051
1042 1051
1043 1051
932 1051
932 1051
933 1051
935 1051
936 1051
937 1051
938 1051
939 1051
940 1051
942 1051
943 1051
944 1051
946 1051
949 1051
950 1051
951 1051
955 1051
956 1051
957 1051
961 1051
962 1051
963 1051
966 1051
967 1051
969 1051
971 1051
975 1051
978 1051
979 1051
981 1051
985 1051
986 1051
989 1051
992 1051
994 1051
997 1051
999 1051
1000 1051
1002 1051
1004 1051
1007 1051
1008 1051
1009 1051
1010 1051
1011 1051
1012 1051
1014 1051
1015 1051
1017 1051
1018 1051
1019 1051
1020 1051
1021 1051
1022 1051
1023 1051
1024 1051
1025 1051
1026 1051
1027 1051
1029 1051
1030 1051
1031 1051
1032 1051
1033 1051
1034 1051
1035 1051
1036 1051
1037 1051
935 1051
935 1051
939 1051
940 1051
941 1051
943 1051
944 1051
947 1051
949 1051
950 1051
951 1051
952 1051
953 1051
954 1051
955 1051
957 1051
958 1051
960 1051
963 1051
964 1051
965 1051
968 1051
969 1051
972 1051
974 1051
975 1051
976 1051
977 1051
978 1051
979 1051
981 1051
983 1051
985 1051
987 1051
988 1051
990 1051
991 1051
992 1051
993 1051
994 1051
995 1051
996 1051
997 1051
998 1051
1000 1051
1001 1051
1002 1051
1004 1051
1005 1051
1006 1051
1008 1051
1010 1051
1011 1051
1012 1051
1013 1051
1014 1051
1015 1051
1017 1051
1018 1051
1019 1051
1020 1051
1021 1051
1022 1051
1023 1051
1024 1051
1025 1051
1027 1051
1028 1051
948 1051
948 1051
949 1051
952 1051
954 1051
956 1051
957 1051
958 1051
959 1051
960 1051
961 1051
962 1051
963 1051
965 1051
967 1051
968 1051
972 1051
973 1051
975 1051
978 1051
981 1051
983 1051
985 1051
986 1051
989 1051
990 1051
992 1051
993 1051
994 1051
995 1051
999 1051
1003 1051
1006 1051
1008 1051
1009 1051
1010 1051
1012 1051
1014 1051
1015 1051
1016 1051
1019 1051
1020 1051
1021 1051
1022 1051
1023 1051
1024 1051
1025 1051
1026 1051
1027 1051
1028 1051
1029 1051
1030 1051
1032 1051
1033 1051
1034 1051
1035 1051
1036 1051
1037 1051
1038 1051
1039 1051
1040 1051
1041 1051
933 1051
933 1051
935 1051
938 1051
939 1051
940 1051
941 1051
942 1051
943 1051
947 1051
949 1051
953 1051
954 1051
955 1051
957 1051
958 1051
960 1051
962 1051
963 1051
965 1051
967 1051
968 1051
969 1051
970 1051
974 1051
975 1051
976 1051
977 1051
979 1051
980 1051
981 1051
982 1051
984 1051
985 1051
987 1051
988 1051
989 1051
992 1051
993 1051
994 1051
995 1051
996 1051
997 1051
999 1051
1000 1051
1001 1051
1002 1051
1003 1051
1004 1051
1006 1051
1008 1051
1009 1051
1010 1051
1011 1051
1012 1051
1013 1051
1015 1051
1016 1051
1017 1051
1020 1051
1021 1051
1022 1051
1024 1051
1025 1051
1026 1051
1027 1051
1029 1051
1030 1051
1031 1051
1032 1051
1033 1051
1034 1051
1035 1051
1036 1051
1038 1051
1039 1051
1040 1051
932 1051
932 1051
933 1051
934 1051
935 1051
938 1051
942 1051
943 1051
944 1051
945 1051
946 1051
948 1051
951 1051
953 1051
955 1051
956 1051
958 1051
959 1051
960 1051
961 1051
963 1051
964 1051
966 1051
967 1051
968 1051
969 1051
970 1051
971 1051
973 1051
974 1051
975 1051
976 1051
979 1051
980 1051
981 1051
982 1051
983 1051
984 1051
985 1051
986 1051
987 1051
989 1051
991 1051
992 1051
994 1051
995 1051
996 1051
997 1051
999 1051
1000 1051
1002 1051
1003 1051
1004 1051
1007 1051
1008 1051
1009 1051
1010 1051
1011 1051
1012 1051
1015 1051
1016 1051
1019 1051
1020 1051
1021 1051
1022 1051
1023 1051
1024 1051
1025 1051
1026 1051
1027 1051
1028 1051
1029 1051
1030 1051
1031 1051
1032 1051
1033 1051
1034 1051
1035 1051
1036 1051
1037 1051
949 1051
949 1051
954 1051
956 1051
959 1051
960 1051
962 1051
963 1051
964 1051
965 1051
966 1051
967 1051
969 1051
972 1051
973 1051
976 1051
979 1051
980 1051
982 1051
983 1051
984 1051
985 1051
987 1051
988 1051
989 1051
990 1051
991 1051
992 1051
994 1051
996 1051
997 1051
998 1051
999 1051
1000 1051
1001 1051
1004 1051
1005 1051
1006 1051
1007 1051
1008 1051
1009 1051
1010 1051
1011 1051
1013 1051
1014 1051
1016 1051
1019 1051
1020 1051
1021 1051
1022 1051
1023 1051
1024 1051
1025 1051
1026 1051
1027 1051
1028 1051
1029 1051
1030 1051
1031 1051
1032 1051
924 1051
924 1051
925 1051
926 1051
928 1051
933 1051
934 1051
936 1051
938 1051
940 1051
943 1051
944 1051
945 1051
948 1051
951 1051
953 1051
955 1051
957 1051
959 1051
960 1051
963 1051
965 1051
966 1051
969 1051
971 1051
972 1051
975 1051
976 1051
977 1051
978 1051
979 1051
980 1051
981 1051
985 1051
986 1051
987 1051
988 1051
989 1051
990 1051
991 1051
992 1051
994 1051
995 1051
996 1051
997 1051
999 1051
1000 1051
1001 1051
1003 1051
1004 1051
1005 1051
1007 1051
1008 1051
1011 1051
1013 1051
1014 1051
1015 1051
1017 1051
1018 1051
1019 1051
1021 1051
1022 1051
1023 1051
1024 1051
1025 1051
1028 1051
1029 1051
1030 1051
1031 1051
1032 1051
1033 1051
1034 1051
1035 1051
1036 1051
1037 1051
1038 1051
936 1051
936 1051
937 1051
939 1051
941 1051
942 1051
945 1051
946 1051
949 1051
950 1051
952 1051
953 1051
954 1051
955 1051
957 1051
958 1051
961 1051
962 1051
965 1051
966 1051
968 1051
970 1051
971 1051
973 1051
974 1051
977 1051
978 1051
979 1051
980 1051
986 1051
987 1051
988 1051
989 1051
990 1051
993 1051
994 1051
995 1051
996 1051
997 1051
998 1051
999 1051
1000 1051
1001 1051
1003 1051
1004 1051
1005 1051
1007 1051
1008 1051
1009 1051
1010 1051
1011 1051
1013 1051
1014 1051
1016 1051
1017 1051
1018 1051
1020 1051
1021 1051
1022 1051
1023 1051
1024 1051
1025 1051
1026 1051
1027 1051
1028 1051
1031 1051
1032 1051
1033 1051
1034 1051
1035 1051
1036 1051
1037 1051
1038 1051
909 1051
909 1051
910 1051
911 1051
913 1051
914 1051
916 1051
917 1051
920 1051
921 1051
922 1051
925 1051
928 1051
929 1051
933 1051
937 1051
938 1051
939 1051
940 1051
943 1051
946 1051
947 1051
948 1051
949 1051
950 1051
951 1051
953 1051
955 1051
958 1051
959 1051
960 1051
961 1051
965 1051
967 1051
969 1051
970 1051
972 1051
974 1051
975 1051
976 1051
978 1051
979 1051
981 1051
982 1051
985 1051
986 1051
987 1051
990 1051
991 1051
993 1051
996 1051
998 1051
999 1051
1000 1051
1001 1051
1003 1051
1004 1051
1006 1051
1008 1051
1009 1051
1011 1051
1013 1051
1014 1051
1015 1051
1016 1051
1017 1051
1018 1051
1019 1051
1020 1051
1021 1051
1022 1051
1023 1051
1024 1051
1025 1051
1026 1051
1027 1051
1029 1051
1030 1051
1032 1051
1033 1051
1034 1051
1035 1051
1036 1051
1037 1051
1038 1051
1039 1051
1040 1051
1041 1051
1042 1051
924 1051
924 1051
926 1051
930 1051
931 1051
933 1051
934 1051
936 1051
938 1051
940 1051
943 1051
944 1051
946 1051
947 1051
948 1051
950 1051
952 1051
953 1051
954 1051
955 1051
956 1051
957 1051
958 1051
960 1051
961 1051
962 1051
964 1051
965 1051
967 1051
968 1051
969 1051
972 1051
976 1051
977 1051
978 1051
979 1051
980 1051
981 1051
982 1051
983 1051
985 1051
986 1051
987 1051
988 1051
989 1051
990 1051
991 1051
992 1051
994 1051
996 1051
997 1051
998 1051
1000 1051
1001 1051
1002 1051
1003 1051
1006 1051
1007 1051
1008 1051
1010 1051
1012 1051
1013 1051
1014 1051
1015 1051
1016 1051
1017 1051
1018 1051
1020 1051
1021 1051
1022 1051
1023 1051
1025 1051
1026 1051
1027 1051
1028 1051
1029 1051
1030 1051
1031 1051
1032 1051
1033 1051
1034 1051
1035 1051
1036 1051
1037 1051
950 1051
950 1051
952 1051
954 1051
955 1051
956 1051
958 1051
960 1051
963 1051
965 1051
967 1051
968 1051
971 1051
972 1051
973 1051
974 1051
975 1051
977 1051
978 1051
979 1051
981 1051
983 1051
985 1051
986 1051
989 1051
990 1051
994 1051
996 1051
998 1051
999 1051
1000 1051
1001 1051
1002 1051
1003 1051
1004 1051
1005 1051
1006 1051
1007 1051
1008 1051
1009 1051
1011 1051
1013 1051
1017 1051
1018 1051
1019 1051
1021 1051
1022 1051
1023 1051
1024 1051
1026 1051
1027 1051
1028 1051
1029 1051
1030 1051
1031 1051
1032 1051
1033 1051
1034 1051
1035 1051
1036 1051
948 1051
948 1051
949 1051
950 1051
953 1051
956 1051
959 1051
961 1051
962 1051
965 1051
968 1051
969 1051
972 1051
973 1051
974 1051
975 1051
977 1051
978 1051
979 1051
981 1051
982 1051
984 1051
987 1051
989 1051
990 1051
992 1051
994 1051
996 1051
997 1051
999 1051
1001 1051
1003 1051
1004 1051
1006 1051
1007 1051
1011 1051
1012 1051
1014 1051
1017 1051
1018 1051
1019 1051
1020 1051
1021 1051
1022 1051
1023 1051
1024 1051
1025 1051
1026 1051
1027 1051
1028 1051
1029 1051
1030 1051
1031 1051
1032 1051
1033 1051
1035 1051
1036 1051
1037 1051
1038 1051
939 1051
939 1051
941 1051
942 1051
943 1051
944 1051
945 1051
947 1051
949 1051
950 1051
952 1051
953 1051
954 1051
957 1051
958 1051
962 1051
963 1051
965 1051
966 1051
969 1051
970 1051
971 1051
974 1051
976 1051
977 1051
979 1051
981 1051
987 1051
988 1051
991 1051
992 1051
994 1051
995 1051
996 1051
998 1051
999 1051
1000 1051
1002 1051
1003 1051
1006 1051
1007 1051
1008 1051
1009 1051
1010 1051
1011 1051
1012 1051
1013 1051
1015 1051
1016 1051
1017 1051
1018 1051
1019 1051
1021 1051
1022 1051
1023 1051
1024 1051
1025 1051
1026 1051
1027 1051
1028 1051
1029 1051
1030 1051
1031 1051
1032 1051
1033 1051
1035 1051
1036 1051
1037 1051
1038 1051
1039 1051
1040 1051
938 1051
938 1051
940 1051
941 1051
943 1051
944 1051
945 1051
946 1051
947 1051
948 1051
951 1051
953 1051
954 1051
956 1051
958 1051
960 1051
962 1051
963 1051
966 1051
968 1051
969 1051
970 1051
971 1051
972 1051
973 1051
974 1051
975 1051
977 1051
979 1051
980 1051
981 1051
982 1051
984 1051
987 1051
988 1051
989 1051
992 1051
993 1051
996 1051
998 1051
999 1051
1000 1051
1001 1051
1002 1051
1003 1051
1005 1051
1007 1051
1009 1051
1010 1051
1011 1051
1012 1051
1013 1051
1014 1051
1015 1051
1016 1051
1017 1051
1018 1051
1019 1051
1020 1051
1021 1051
1023 1051
1025 1051
1026 1051
1027 1051
1029 1051
1032 1051
1033 1051
1035 1051
1036 1051
1037 1051
1038 1051
1041 1051
1042 1051
1043 1051
1044 1051
947 1051
947 1051
948 1051
949 1051
951 1051
954 1051
955 1051
956 1051
957 1051
960 1051
962 1051
963 1051
965 1051
967 1051
969 1051
970 1051
971 1051
973 1051
974 1051
975 1051
976 1051
977 1051
978 1051
980 1051
981 1051
984 1051
985 1051
988 1051
989 1051
992 1051
994 1051
995 1051
996 1051
997 1051
998 1051
999 1051
1001 1051
1002 1051
1003 1051
1004 1051
1005 1051
1006 1051
1008 1051
1009 1051
1010 1051
1012 1051
1013 1051
1014 1051
1016 1051
1017 1051
1018 1051
1019 1051
1022 1051
1023 1051
1024 1051
1025 1051
1026 1051
1027 1051
1028 1051
1029 1051
1030 1051
1031 1051
1033 1051
1034 1051
1035 1051
1036 1051
1037 1051
1038 1051
1039 1051
1040 1051
1041 1051
1042 1051
1043 1051
1044 1051
1045 1051
912 1051
912 1051
913 1051
916 1051
922 1051
925 1051
927 1051
928 1051
930 1051
936 1051
938 1051
940 1051
943 1051
946 1051
947 1051
949 1051
950 1051
954 1051
955 1051
957 1051
960 1051
961 1051
963 1051
964 1051
965 1051
968 1051
969 1051
970 1051
971 1051
972 1051
973 1051
974 1051
976 1051
980 1051
981 1051
982 1051
983 1051
984 1051
986 1051
987 1051
988 1051
991 1051
994 1051
995 1051
996 1051
997 1051
998 1051
999 1051
1000 1051
1001 1051
1002 1051
1003 1051
1005 1051
1006 1051
1007 1051
1008 1051
1010 1051
1011 1051
1014 1051
1015 1051
1016 1051
1017 1051
1020 1051
1021 1051
1022 1051
1023 1051
1024 1051
1025 1051
1026 1051
1027 1051
1030 1051
1031 1051
1032 1051
1033 1051
918 1051
918 1051
920 1051
922 1051
926 1051
933 1051
934 1051
936 1051
938 1051
939 1051
941 1051
943 1051
944 1051
947 1051
951 1051
952 1051
954 1051
956 1051
957 1051
959 1051
962 1051
965 1051
967 1051
969 1051
971 1051
972 1051
974 1051
975 1051
978 1051
980 1051
982 1051
983 1051
985 1051
989 1051
990 1051
991 1051
992 1051
993 1051
994 1051
996 1051
997 1051
998 1051
1000 1051
1001 1051
1002 1051
1003 1051
1004 1051
1005 1051
1006 1051
1007 1051
1008 1051
1009 1051
1013 1051
1015 1051
1016 1051
1017 1051
1018 1051
1019 1051
1020 1051
1022 1051
1023 1051
1025 1051
1026 1051
1027 1051
1029 1051
1030 1051
1032 1051
1033 1051
1037 1051
1039 1051
1040 1051
1041 1051
1042 1051
943 1051
943 1051
945 1051
947 1051
948 1051
949 1051
951 1051
952 1051
953 1051
956 1051
958 1051
961 1051
963 1051
964 1051
965 1051
967 1051
969 1051
970 1051
972 1051
975 1051
976 1051
977 1051
978 1051
980 1051
981 1051
983 1051
984 1051
985 1051
986 1051
988 1051
989 1051
990 1051
992 1051
993 1051
994 1051
995 1051
996 1051
997 1051
998 1051
999 1051
1000 1051
1001 1051
1002 1051
1003 1051
1005 1051
1007 1051
1008 1051
1009 1051
1010 1051
1011 1051
1012 1051
1013 1051
1014 1051
1016 1051
1017 1051
1018 1051
1020 1051
1021 1051
1022 1051
1023 1051
1024 1051
1025 1051
1026 1051
1027 1051
1028 1051
1029 1051
1030 1051
1031 1051
1032 1051
1033 1051
1034 1051
1035 1051
1036 1051
1037 1051
932 1051
932 1051
933 1051
935 1051
936 1051
937 1051
938 1051
940 1051
941 1051
942 1051
943 1051
945 1051
946 1051
949 1051
950 1051
951 1051
954 1051
957 1051
959 1051
960 1051
961 1051
962 1051
963 1051
965 1051
967 1051
968 1051
969 1051
970 1051
972 1051
973 1051
976 1051
979 1051
980 1051
981 1051
982 1051
983 1051
986 1051
987 1051
989 1051
990 1051
991 1051
992 1051
994 1051
998 1051
999 1051
1000 1051
1001 1051
1004 1051
1006 1051
1007 1051
1008 1051
1010 1051
1011 1051
1012 1051
1013 1051
1014 1051
1015 1051
1016 1051
1017 1051
1018 1051
1019 1051
1021 1051
1024 1051
1025 1051
1026 1051
1027 1051
1029 1051
1030 1051
1032 1051
1033 1051
1034 1051
943 1051
943 1051
948 1051
949 1051
950 1051
955 1051
957 1051
958 1051
959 1051
960 1051
961 1051
963 1051
964 1051
967 1051
969 1051
970 1051
972 1051
973 1051
976 1051
977 1051
978 1051
979 1051
980 1051
981 1051
983 1051
984 1051
985 1051
987 1051
988 1051
990 1051
991 1051
994 1051
995 1051
996 1051
998 1051
999 1051
1001 1051
1003 1051
1004 1051
1005 1051
1006 1051
1007 1051
1008 1051
1009 1051
1010 1051
1012 1051
1014 1051
1015 1051
1016 1051
1017 1051
1018 1051
1019 1051
1022 1051
1023 1051
1026 1051
1027 1051
1028 1051
1030 1051
1031 1051
1032 1051
1033 1051
1034 1051
1035 1051
1036 1051
1037 1051
1038 1051
1039 1051
1041 1051
945 1051
945 1051
946 1051
947 1051
948 1051
949 1051
953 1051
954 1051
956 1051
957 1051
959 1051
961 1051
963 1051
967 1051
968 1051
969 1051
970 1051
972 1051
973 1051
974 1051
976 1051
977 1051
978 1051
979 1051
980 1051
982 1051
983 1051
984 1051
985 1051
986 1051
989 1051
990 1051
991 1051
992 1051
993 1051
994 1051
995 1051
997 1051
998 1051
999 1051
1000 1051
1001 1051
1002 1051
1003 1051
1004 1051
1005 1051
1006 1051
1007 1051
1009 1051
1010 1051
1011 1051
1012 1051
1013 1051
1015 1051
1016 1051
1018 1051
1019 1051
1020 1051
1021 1051
1023 1051
1024 1051
1025 1051
1026 1051
1027 1051
1028 1051
1029 1051
1030 1051
1031 1051
1032 1051
1033 1051
1034 1051
1036 1051
1037 1051
1038 1051
1039 1051
1040 1051
1041 1051
1043 1051
922 1051
922 1051
923 1051
924 1051
926 1051
927 1051
929 1051
931 1051
932 1051
935 1051
936 1051
937 1051
938 1051
939 1051
940 1051
942 1051
944 1051
946 1051
947 1051
948 1051
949 1051
950 1051
952 1051
954 1051
956 1051
957 1051
960 1051
962 1051
966 1051
967 1051
971 1051
973 1051
974 1051
976 1051
977 1051
978 1051
979 1051
980 1051
981 1051
982 1051
983 1051
985 1051
988 1051
989 1051
990 1051
992 1051
994 1051
995 1051
999 1051
1000 1051
1001 1051
1003 1051
1006 1051
1007 1051
1009 1051
1010 1051
1011 1051
1012 1051
1013 1051
1016 1051
1017 1051
1021 1051
1022 1051
1024 1051
1025 1051
1027 1051
1028 1051
1029 1051
1030 1051
1031 1051
1033 1051
1034 1051
1035 1051
1036 1051
1037 1051
1038 1051
1039 1051
1040 1051
1041 1051
1042 1051
1043 1051
1044 1051
1045 1051
942 1051
942 1051
943 1051
944 1051
945 1051
947 1051
948 1051
949 1051
951 1051
952 1051
954 1051
955 1051
956 1051
957 1051
958 1051
959 1051
963 1051
965 1051
967 1051
969 1051
970 1051
972 1051
973 1051
976 1051
977 1051
978 1051
979 1051
980 1051
981 1051
982 1051
986 1051
988 1051
989 1051
991 1051
992 1051
993 1051
994 1051
996 1051
997 1051
998 1051
999 1051
1000 1051
1001 1051
1002 1051
1004 1051
1005 1051
1006 1051
1007 1051
1009 1051
1010 1051
1011 1051
1013 1051
1015 1051
1016 1051
1017 1051
1018 1051
1019 1051
1020 1051
1021 1051
1022 1051
1023 1051
1024 1051
1025 1051
1027 1051
1028 1051
1029 1051
1031 1051
1032 1051
1033 1051
1034 1051
1035 1051
1036 1051
1037 1051
1038 1051
1039 1051
948 1051
948 1051
952 1051
954 1051
956 1051
957 1051
958 1051
960 1051
961 1051
962 1051
963 1051
965 1051
966 1051
969 1051
972 1051
975 1051
976 1051
977 1051
978 1051
979 1051
980 1051
981 1051
983 1051
985 1051
986 1051
987 1051
988 1051
989 1051
990 1051
991 1051
993 1051
995 1051
997 1051
1001 1051
1002 1051
1003 1051
1004 1051
1005 1051
1006 1051
1007 1051
1008 1051
1009 1051
1010 1051
1011 1051
1013 1051
1014 1051
1016 1051
1017 1051
1018 1051
1019 1051
1021 1051
1022 1051
1024 1051
1026 1051
1030 1051
1031 1051
1032 1051
1033 1051
1034 1051
1035 1051
1036 1051
1037 1051
1038 1051
1039 1051
1041 1051
1042 1051
1043 1051
1044 1051
1045 1051
930 1051
930 1051
935 1051
936 1051
937 1051
938 1051
940 1051
942 1051
944 1051
945 1051
946 1051
948 1051
950 1051
953 1051
954 1051
955 1051
956 1051
957 1051
959 1051
960 1051
964 1051
965 1051
966 1051
967 1051
968 1051
969 1051
972 1051
973 1051
975 1051
977 1051
978 1051
979 1051
981 1051
982 1051
986 1051
987 1051
988 1051
989 1051
992 1051
993 1051
994 1051
996 1051
998 1051
999 1051
1001 1051
1003 1051
1005 1051
1006 1051
1007 1051
1008 1051
1009 1051
1010 1051
1011 1051
1012 1051
1015 1051
1017 1051
1018 1051
1019 1051
1020 1051
1022 1051
1024 1051
1025 1051
1026 1051
1029 1051
1030 1051
1031 1051
1032 1051
1034 1051
1035 1051
1036 1051
1037 1051
1038 1051
1039 1051
1040 1051
1041 1051
1042 1051
1043 1051
1044 1051
948 1051
948 1051
952 1051
953 1051
957 1051
958 1051
959 1051
960 1051
961 1051
962 1051
965 1051
966 1051
967 1051
969 1051
970 1051
972 1051
974 1051
975 1051
976 1051
978 1051
980 1051
981 1051
983 1051
984 1051
985 1051
986 1051
987 1051
990 1051
993 1051
994 1051
996 1051
998 1051
999 1051
1000 1051
1001 1051
1003 1051
1004 1051
1005 1051
1006 1051
1007 1051
1008 1051
1009 1051
1011 1051
1013 1051
1014 1051
1015 1051
1016 1051
1017 1051
1018 1051
1019 1051
1020 1051
1021 1051
1022 1051
1023 1051
1024 1051
1025 1051
1026 1051
1027 1051
1028 1051
1029 1051
1030 1051
1031 1051
1032 1051
1033 1051
1034 1051
1035 1051
1036 1051
1037 1051
1038 1051
1039 1051
1040 1051
1041 1051
1042 1051
1043 1051
1044 1051
936 1051
936 1051
938 1051
939 1051
942 1051
945 1051
947 1051
949 1051
950 1051
951 1051
953 1051
954 1051
956 1051
957 1051
958 1051
960 1051
961 1051
964 1051
965 1051
966 1051
968 1051
970 1051
973 1051
974 1051
976 1051
977 1051
978 1051
980 1051
981 1051
983 1051
985 1051
986 1051
987 1051
990 1051
993 1051
994 1051
995 1051
996 1051
997 1051
998 1051
999 1051
1001 1051
1003 1051
1004 1051
1006 1051
1008 1051
1009 1051
1010 1051
1011 1051
1012 1051
1013 1051
1014 1051
1015 1051
1019 1051
1023 1051
1024 1051
1025 1051
1026 1051
1027 1051
1028 1051
1029 1051
1030 1051
1031 1051
1032 1051
1034 1051
1035 1051
1036 1051
1037 1051
1038 1051
1039 1051
1040 1051
1041 1051
929 1051
929 1051
930 1051
931 1051
933 1051
935 1051
937 1051
938 1051
939 1051
941 1051
942 1051
944 1051
946 1051
948 1051
953 1051
957 1051
960 1051
961 1051
963 1051
964 1051
965 1051
966 1051
967 1051
968 1051
970 1051
974 1051
975 1051
977 1051
978 1051
979 1051
982 1051
983 1051
984 1051
988 1051
990 1051
992 1051
993 1051
995 1051
996 1051
998 1051
999 1051
1001 1051
1003 1051
1004 1051
1005 1051
1006 1051
1007 1051
1008 1051
1009 1051
1010 1051
1011 1051
1014 1051
1015 1051
1016 1051
1017 1051
1018 1051
1019 1051
1020 1051
1021 1051
1022 1051
1023 1051
1024 1051
1025 1051
1026 1051
1027 1051
1028 1051
1029 1051
1030 1051
1031 1051
1032 1051
1033 1051
1035 1051
1036 1051
1037 1051
1038 1051
1039 1051
1040 1051
1041 1051
1042 1051
917 1051
917 1051
919 1051
920 1051
921 1051
922 1051
923 1051
928 1051
929 1051
931 1051
933 1051
935 1051
937 1051
938 1051
940 1051
941 1051
942 1051
944 1051
949 1051
950 1051
951 1051
952 1051
953 1051
954 1051
955 1051
956 1051
957 1051
961 1051
965 1051
967 1051
969 1051
970 1051
972 1051
974 1051
976 1051
977 1051
978 1051
981 1051
982 1051
985 1051
986 1051
987 1051
989 1051
991 1051
992 1051
993 1051
994 1051
995 1051
997 1051
998 1051
999 1051
1000 1051
1002 1051
1004 1051
1006 1051
1007 1051
1008 1051
1009 1051
1010 1051
1012 1051
1013 1051
1015 1051
1016 1051
1017 1051
1018 1051
1019 1051
1020 1051
1021 1051
1023 1051
1024 1051
1025 1051
1026 1051
1027 1051
1028 1051
1029 1051
1030 1051
1031 1051
1033 1051
1034 1051
942 1051
942 1051
948 1051
950 1051
951 1051
952 1051
954 1051
957 1051
960 1051
961 1051
962 1051
963 1051
964 1051
965 1051
966 1051
968 1051
969 1051
970 1051
972 1051
973 1051
974 1051
975 1051
976 1051
978 1051
979 1051
980 1051
981 1051
982 1051
983 1051
985 1051
986 1051
987 1051
988 1051
989 1051
990 1051
991 1051
992 1051
993 1051
994 1051
996 1051
997 1051
998 1051
999 1051
1000 1051
1001 1051
1002 1051
1003 1051
1004 1051
1005 1051
1006 1051
1007 1051
1008 1051
1009 1051
1012 1051
1013 1051
1014 1051
1015 1051
1016 1051
1017 1051
1019 1051
1020 1051
1021 1051
1022 1051
1024 1051
1025 1051
1026 1051
1028 1051
1029 1051
1030 1051
1031 1051
1032 1051
934 1051
934 1051
935 1051
936 1051
940 1051
941 1051
946 1051
947 1051
948 1051
950 1051
952 1051
953 1051
956 1051
960 1051
962 1051
963 1051
965 1051
966 1051
968 1051
970 1051
972 1051
973 1051
974 1051
975 1051
977 1051
980 1051
981 1051
983 1051
986 1051
990 1051
991 1051
992 1051
995 1051
996 1051
998 1051
999 1051
1000 1051
1002 1051
1003 1051
1004 1051
1007 1051
1008 1051
1009 1051
1011 1051
1012 1051
1015 1051
1016 1051
1017 1051
1018 1051
1020 1051
1021 1051
1022 1051
1023 1051
1024 1051
1025 1051
1026 1051
1027 1051
1028 1051
1029 1051
1030 1051
1031 1051
1033 1051
1034 1051
1035 1051
1036 1051
1037 1051
1038 1051
1039 1051
1040 1051
925 1051
925 1051
926 1051
927 1051
928 1051
929 1051
931 1051
934 1051
936 1051
937 1051
939 1051
941 1051
943 1051
944 1051
947 1051
949 1051
951 1051
952 1051
954 1051
957 1051
958 1051
961 1051
962 1051
964 1051
965 1051
966 1051
967 1051
968 1051
970 1051
971 1051
974 1051
975 1051
977 1051
978 1051
979 1051
980 1051
983 1051
985 1051
987 1051
988 1051
989 1051
990 1051
991 1051
992 1051
993 1051
994 1051
995 1051
996 1051
997 1051
998 1051
1000 1051
1001 1051
1002 1051
1006 1051
1008 1051
1011 1051
1012 1051
1015 1051
1016 1051
1017 1051
1019 1051
1021 1051
1022 1051
1023 1051
1026 1051
1027 1051
1028 1051
1029 1051
1031 1051
1033 1051
1034 1051
1035 1051
1036 1051
1037 1051
1038 1051
1040 1051
1041 1051
1042 1051
954 1051
954 1051
955 1051
956 1051
957 1051
958 1051
959 1051
962 1051
963 1051
965 1051
966 1051
968 1051
970 1051
973 1051
976 1051
977 1051
978 1051
980 1051
981 1051
982 1051
983 1051
984 1051
985 1051
987 1051
989 1051
990 1051
991 1051
993 1051
994 1051
995 1051
996 1051
997 1051
999 1051
1000 1051
1001 1051
1003 1051
1004 1051
1005 1051
1006 1051
1007 1051
1008 1051
1009 1051
1010 1051
1011 1051
1012 1051
1013 1051
1014 1051
1015 1051
1016 1051
1017 1051
1018 1051
1020 1051
1023 1051
1024 1051
1025 1051
1026 1051
1027 1051
1028 1051
1029 1051
1030 1051
1031 1051
1032 1051
1033 1051
929 1051
929 1051
931 1051
933 1051
935 1051
936 1051
937 1051
938 1051
941 1051
942 1051
945 1051
947 1051
950 1051
951 1051
952 1051
954 1051
956 1051
959 1051
960 1051
962 1051
963 1051
966 1051
967 1051
968 1051
969 1051
972 1051
975 1051
976 1051
977 1051
978 1051
979 1051
980 1051
982 1051
983 1051
984 1051
986 1051
988 1051
990 1051
991 1051
992 1051
993 1051
994 1051
995 1051
996 1051
997 1051
998 1051
999 1051
1001 1051
1003 1051
1004 1051
1005 1051
1006 1051
1007 1051
1008 1051
1009 1051
1010 1051
1011 1051
1013 1051
1014 1051
1017 1051
1019 1051
1020 1051
1022 1051
1023 1051
1025 1051
1026 1051
1027 1051
1028 1051
1029 1051
1031 1051
1032 1051
1033 1051
1034 1051
1035 1051
1036 1051
1037 1051
1038 1051
1039 1051
1040 1051
1041 1051
930 1051
930 1051
931 1051
932 1051
933 1051
935 1051
936 1051
937 1051
939 1051
943 1051
944 1051
945 1051
947 1051
948 1051
949 1051
951 1051
953 1051
956 1051
957 1051
958 1051
959 1051
962 1051
964 1051
965 1051
971 1051
974 1051
976 1051
978 1051
979 1051
980 1051
982 1051
983 1051
984 1051
985 1051
986 1051
987 1051
988 1051
989 1051
991 1051
993 1051
996 1051
997 1051
998 1051
999 1051
1000 1051
1002 1051
1004 1051
1005 1051
1006 1051
1007 1051
1010 1051
1011 1051
1012 1051
1013 1051
1014 1051
1015 1051
1016 1051
1017 1051
1018 1051
1019 1051
1021 1051
1022 1051
1024 1051
1025 1051
1026 1051
1027 1051
1028 1051
1030 1051
1032 1051
1033 1051
1035 1051
1037 1051
1038 1051
1039 1051
1041 1051
1043 1051
1044 1051
1045 1051
1046 1051
1047 1051
1048 1051
1049 1051
1050 1051
1051 1051
1052 1052
1053 1053
935 1053
935 1053
938 1053
940 1053
942 1053
943 1053
946 1053
948 1053
950 1053
952 1053
954 1053
955 1053
956 1053
957 1053
960 1053
961 1053
964 1053
967 1053
968 1053
972 1053
973 1053
974 1053
975 1053
976 1053
977 1053
979 1053
980 1053
981 1053
982 1053
983 1053
984 1053
985 1053
986 1053
988 1053
990 1053
993 1053
995 1053
997 1053
998 1053
999 1053
1000 1053
1001 1053
1003 1053
1004 1053
1005 1053
1006 1053
1009 1053
1011 1053
1012 1053
1014 1053
1016 1053
1017 1053
1018 1053
1019 1053
1020 1053
1021 1053
1022 1053
1023 1053
1026 1053
1027 1053
1028 1053
1029 1053
1030 1053
1031 1053
1032 1053
1033 1053
1034 1053
1035 1053
1036 1053
1037 1053
1038 1053
1039 1053
1040 1053
1041 1053
932 1053
932 1053
938 1053
939 1053
940 1053
941 1053
943 1053
947 1053
948 1053
949 1053
950 1053
951 1053
952 1053
953 1053
956 1053
957 1053
958 1053
959 1053
961 1053
962 1053
963 1053
964 1053
965 1053
966 1053
967 1053
968 1053
969 1053
970 1053
971 1053
972 1053
974 1053
976 1053
977 1053
978 1053
979 1053
981 1053
982 1053
983 1053
984 1053
985 1053
986 1053
989 1053
990 1053
991 1053
992 1053
993 1053
995 1053
996 1053
997 1053
998 1053
1000 1053
1001 1053
1002 1053
1005 1053
1006 1053
1007 1053
1008 1053
1010 1053
1012 1053
1013 1053
1014 1053
1015 1053
1016 1053
1017 1053
1018 1053
1019 1053
1021 1053
1022 1053
1023 1053
1024 1053
1025 1053
1026 1053
1027 1053
1028 1053
1029 1053
1030 1053
1031 1053
1032 1053
1033 1053
1034 1053
1035 1053
1038 1053
1039 1053
922 1053
922 1053
923 1053
924 1053
925 1053
927 1053
929 1053
932 1053
933 1053
935 1053
936 1053
937 1053
938 1053
940 1053
941 1053
944 1053
946 1053
948 1053
949 1053
953 1053
956 1053
957 1053
960 1053
961 1053
962 1053
964 1053
965 1053
966 1053
967 1053
968 1053
970 1053
971 1053
973 1053
974 1053
977 1053
980 1053
984 1053
988 1053
989 1053
991 1053
992 1053
993 1053
994 1053
995 1053
996 1053
997 1053
998 1053
1000 1053
1001 1053
1005 1053
1007 1053
1008 1053
1009 1053
1010 1053
1011 1053
1012 1053
1013 1053
1014 1053
1015 1053
1016 1053
1017 1053
1019 1053
1020 1053
1023 1053
1024 1053
1027 1053
1028 1053
1029 1053
1031 1053
1032 1053
1033 1053
1034 1053
1035 1053
1036 1053
1037 1053
1038 1053
1039 1053
930 1053
930 1053
931 1053
935 1053
937 1053
938 1053
940 1053
941 1053
945 1053
946 1053
947 1053
948 1053
950 1053
951 1053
952 1053
953 1053
956 1053
957 1053
958 1053
960 1053
961 1053
962 1053
964 1053
966 1053
968 1053
970 1053
972 1053
973 1053
976 1053
978 1053
979 1053
980 1053
981 1053
982 1053
983 1053
985 1053
986 1053
987 1053
988 1053
991 1053
992 1053
995 1053
997 1053
998 1053
999 1053
1000 1053
1001 1053
1002 1053
1004 1053
1006 1053
1008 1053
1009 1053
1010 1053
1011 1053
1014 1053
1015 1053
1016 1053
1017 1053
1019 1053
1020 1053
1021 1053
1022 1053
1023 1053
1024 1053
1025 1053
1026 1053
1028 1053
1030 1053
1031 1053
1032 1053
1034 1053
1036 1053
932 1053
932 1053
935 1053
938 1053
941 1053
942 1053
943 1053
945 1053
946 1053
951 1053
952 1053
954 1053
957 1053
959 1053
961 1053
963 1053
964 1053
965 1053
967 1053
969 1053
971 1053
973 1053
974 1053
975 1053
978 1053
980 1053
981 1053
983 1053
984 1053
986 1053
987 1053
988 1053
990 1053
991 1053
992 1053
995 1053
997 1053
998 1053
999 1053
1000 1053
1003 1053
1004 1053
1005 1053
1006 1053
1007 1053
1008 1053
1009 1053
1010 1053
1011 1053
1012 1053
1013 1053
1014 1053
1015 1053
1017 1053
1018 1053
1019 1053
1020 1053
1021 1053
1022 1053
1023 1053
1024 1053
1025 1053
1026 1053
1027 1053
1028 1053
1030 1053
1031 1053
1032 1053
1033 1053
1035 1053
1036 1053
1037 1053
1038 1053
1039 1053
946 1053
946 1053
947 1053
948 1053
949 1053
950 1053
951 1053
953 1053
955 1053
956 1053
958 1053
959 1053
960 1053
962 1053
963 1053
964 1053
966 1053
968 1053
969 1053
970 1053
971 1053
972 1053
974 1053
975 1053
976 1053
977 1053
978 1053
979 1053
980 1053
982 1053
983 1053
985 1053
986 1053
987 1053
988 1053
989 1053
991 1053
993 1053
995 1053
996 1053
997 1053
1000 1053
1004 1053
1005 1053
1006 1053
1008 1053
1009 1053
1011 1053
1012 1053
1013 1053
1014 1053
1015 1053
1016 1053
1017 1053
1020 1053
1021 1053
1022 1053
1023 1053
1025 1053
1026 1053
1027 1053
1028 1053
1029 1053
1031 1053
1033 1053
1035 1053
1036 1053
1037 1053
1038 1053
1039 1053
1040 1053
1041 1053
935 1053
935 1053
939 1053
940 1053
941 1053
944 1053
946 1053
948 1053
953 1053
956 1053
958 1053
959 1053
960 1053
961 1053
962 1053
965 1053
968 1053
969 1053
971 1053
973 1053
975 1053
976 1053
979 1053
980 1053
983 1053
984 1053
985 1053
988 1053
990 1053
992 1053
993 1053
995 1053
996 1053
997 1053
1000 1053
1001 1053
1003 1053
1004 1053
1006 1053
1007 1053
1008 1053
1009 1053
1011 1053
1012 1053
1014 1053
1015 1053
1017 1053
1018 1053
1020 1053
1021 1053
1022 1053
1023 1053
1024 1053
1025 1053
1026 1053
1027 1053
1028 1053
1029 1053
1031 1053
1032 1053
1033 1053
937 1053
937 1053
938 1053
939 1053
941 1053
942 1053
945 1053
949 1053
951 1053
952 1053
953 1053
954 1053
955 1053
957 1053
958 1053
960 1053
963 1053
966 1053
967 1053
969 1053
970 1053
971 1053
972 1053
974 1053
976 1053
977 1053
979 1053
980 1053
982 1053
983 1053
984 1053
985 1053
986 1053
987 1053
988 1053
989 1053
990 1053
992 1053
993 1053
994 1053
997 1053
1002 1053
1003 1053
1004 1053
1006 1053
1007 1053
1008 1053
1010 1053
1012 1053
1013 1053
1015 1053
1016 1053
1017 1053
1018 1053
1019 1053
1020 1053
1022 1053
1023 1053
1025 1053
1026 1053
1027 1053
1028 1053
1029 1053
1030 1053
1031 1053
1033 1053
1034 1053
1035 1053
916 1053
916 1053
921 1053
923 1053
924 1053
929 1053
931 1053
935 1053
937 1053
941 1053
943 1053
944 1053
945 1053
946 1053
947 1053
948 1053
949 1053
950 1053
954 1053
956 1053
957 1053
959 1053
960 1053
962 1053
963 1053
964 1053
965 1053
967 1053
968 1053
969 1053
970 1053
972 1053
973 1053
975 1053
978 1053
981 1053
983 1053
986 1053
989 1053
990 1053
992 1053
993 1053
994 1053
995 1053
996 1053
997 1053
998 1053
999 1053
1000 1053
1001 1053
1003 1053
1004 1053
1007 1053
1008 1053
1009 1053
1010 1053
1011 1053
1013 1053
1014 1053
1016 1053
1017 1053
1021 1053
1023 1053
1024 1053
1025 1053
1027 1053
1028 1053
1030 1053
1031 1053
1032 1053
1034 1053
1035 1053
1036 1053
1037 1053
1038 1053
930 1053
930 1053
933 1053
936 1053
937 1053
939 1053
940 1053
943 1053
944 1053
946 1053
951 1053
952 1053
953 1053
955 1053
956 1053
957 1053
963 1053
964 1053
965 1053
967 1053
968 1053
970 1053
971 1053
972 1053
973 1053
974 1053
975 1053
976 1053
977 1053
978 1053
980 1053
981 1053
982 1053
984 1053
987 1053
990 1053
991 1053
992 1053
993 1053
995 1053
996 1053
998 1053
999 1053
1000 1053
1001 1053
1004 1053
1005 1053
1006 1053
1007 1053
1008 1053
1009 1053
1010 1053
1011 1053
1012 1053
1014 1053
1015 1053
1016 1053
1017 1053
1019 1053
1020 1053
1022 1053
1024 1053
1025 1053
1027 1053
1028 1053
1031 1053
1032 1053
1034 1053
1035 1053
1036 1053
1037 1053
1038 1053
1039 1053
1040 1053
1041 1053
1042 1053
931 1053
931 1053
932 1053
934 1053
936 1053
939 1053
940 1053
941 1053
943 1053
947 1053
948 1053
950 1053
953 1053
954 1053
958 1053
960 1053
961 1053
962 1053
965 1053
966 1053
967 1053
968 1053
969 1053
970 1053
971 1053
972 1053
973 1053
974 1053
978 1053
981 1053
985 1053
986 1053
989 1053
990 1053
992 1053
993 1053
994 1053
997 1053
998 1053
1002 1053
1003 1053
1005 1053
1007 1053
1009 1053
1012 1053
1015 1053
1016 1053
1017 1053
1018 1053
1019 1053
1020 1053
1023 1053
1024 1053
1025 1053
1026 1053
1027 1053
1028 1053
1029 1053
1031 1053
1032 1053
1033 1053
1034 1053
1035 1053
1037 1053
1038 1053
933 1053
933 1053
936 1053
937 1053
939 1053
940 1053
942 1053
945 1053
946 1053
948 1053
949 1053
951 1053
954 1053
956 1053
957 1053
958 1053
959 1053
962 1053
963 1053
965 1053
966 1053
967 1053
968 1053
969 1053
970 1053
971 1053
972 1053
973 1053
974 1053
975 1053
976 1053
977 1053
978 1053
980 1053
981 1053
982 1053
983 1053
984 1053
985 1053
986 1053
987 1053
988 1053
991 1053
992 1053
993 1053
994 1053
995 1053
996 1053
997 1053
998 1053
999 1053
1000 1053
1002 1053
1004 1053
1005 1053
1006 1053
1007 1053
1008 1053
1009 1053
1011 1053
1012 1053
1013 1053
1014 1053
1015 1053
1016 1053
1017 1053
1018 1053
1019 1053
1020 1053
1021 1053
1023 1053
1024 1053
1025 1053
1026 1053
1027 1053
1028 1053
1029 1053
1030 1053
1031 1053
1032 1053
1033 1053
1034 1053
943 1053
943 1053
944 1053
945 1053
946 1053
947 1053
948 1053
949 1053
952 1053
953 1053
956 1053
957 1053
958 1053
959 1053
961 1053
962 1053
965 1053
966 1053
967 1053
969 1053
970 1053
972 1053
973 1053
974 1053
975 1053
976 1053
977 1053
978 1053
980 1053
982 1053
986 1053
987 1053
989 1053
991 1053
992 1053
993 1053
996 1053
997 1053
998 1053
999 1053
1001 1053
1002 1053
1003 1053
1004 1053
1005 1053
1007 1053
1008 1053
1009 1053
1010 1053
1011 1053
1015 1053
1017 1053
1018 1053
1019 1053
1020 1053
1021 1053
1022 1053
1023 1053
1024 1053
1025 1053
1026 1053
1028 1053
1029 1053
1030 1053
1031 1053
1034 1053
1036 1053
943 1053
943 1053
947 1053
949 1053
952 1053
954 1053
957 1053
958 1053
960 1053
963 1053
964 1053
966 1053
967 1053
968 1053
970 1053
971 1053
973 1053
974 1053
975 1053
977 1053
978 1053
980 1053
981 1053
983 1053
984 1053
986 1053
987 1053
989 1053
990 1053
991 1053
992 1053
994 1053
995 1053
996 1053
997 1053
999 1053
1001 1053
1002 1053
1005 1053
1006 1053
1007 1053
1008 1053
1010 1053
1011 1053
1012 1053
1014 1053
1015 1053
1016 1053
1017 1053
1018 1053
1019 1053
1020 1053
1021 1053
1022 1053
1024 1053
1025 1053
1026 1053
1028 1053
1029 1053
1030 1053
1031 1053
1032 1053
1033 1053
1035 1053
1036 1053
1037 1053
1038 1053
1040 1053
1041 1053
1042 1053
1043 1053
942 1053
942 1053
943 1053
945 1053
947 1053
948 1053
950 1053
953 1053
954 1053
956 1053
959 1053
960 1053
963 1053
965 1053
967 1053
970 1053
973 1053
974 1053
976 1053
978 1053
979 1053
980 1053
982 1053
983 1053
985 1053
987 1053
988 1053
991 1053
992 1053
993 1053
994 1053
995 1053
996 1053
997 1053
999 1053
1000 1053
1001 1053
1002 1053
1003 1053
1004 1053
1006 1053
1007 1053
1009 1053
1010 1053
1013 1053
1014 1053
1015 1053
1016 1053
1017 1053
1018 1053
1020 1053
1021 1053
1022 1053
1023 1053
1024 1053
1026 1053
1027 1053
1028 1053
1030 1053
1031 1053
1032 1053
1033 1053
1034 1053
1036 1053
922 1053
922 1053
926 1053
927 1053
928 1053
929 1053
931 1053
932 1053
934 1053
935 1053
938 1053
941 1053
942 1053
943 1053
944 1053
945 1053
950 1053
952 1053
954 1053
956 1053
957 1053
958 1053
960 1053
962 1053
965 1053
967 1053
968 1053
969 1053
970 1053
971 1053
972 1053
974 1053
975 1053
980 1053
981 1053
983 1053
984 1053
985 1053
987 1053
991 1053
992 1053
993 1053
994 1053
995 1053
996 1053
997 1053
998 1053
1002 1053
1003 1053
1004 1053
1006 1053
1007 1053
1008 1053
1009 1053
1010 1053
1012 1053
1013 1053
1016 1053
1017 1053
1018 1053
1019 1053
1021 1053
1022 1053
1024 1053
1025 1053
1026 1053
1027 1053
1028 1053
1029 1053
1030 1053
1031 1053
1032 1053
1033 1053
924 1053
924 1053
926 1053
928 1053
932 1053
933 1053
935 1053
937 1053
941 1053
944 1053
945 1053
948 1053
952 1053
953 1053
959 1053
961 1053
962 1053
964 1053
965 1053
966 1053
967 1053
968 1053
971 1053
972 1053
975 1053
977 1053
978 1053
979 1053
980 1053
981 1053
983 1053
984 1053
986 1053
987 1053
988 1053
991 1053
992 1053
993 1053
994 1053
996 1053
998 1053
1000 1053
1001 1053
1002 1053
1004 1053
1005 1053
1006 1053
1007 1053
1009 1053
1010 1053
1011 1053
1012 1053
1013 1053
1014 1053
1015 1053
1016 1053
1017 1053
1018 1053
1020 1053
1021 1053
1022 1053
1023 1053
1024 1053
1026 1053
1027 1053
1028 1053
1029 1053
1030 1053
1031 1053
1032 1053
1033 1053
1034 1053
1035 1053
1036 1053
927 1053
927 1053
929 1053
930 1053
931 1053
933 1053
935 1053
938 1053
941 1053
944 1053
947 1053
948 1053
950 1053
951 1053
952 1053
953 1053
954 1053
955 1053
956 1053
959 1053
963 1053
964 1053
965 1053
966 1053
968 1053
969 1053
970 1053
971 1053
972 1053
973 1053
974 1053
975 1053
976 1053
979 1053
980 1053
982 1053
985 1053
987 1053
988 1053
989 1053
991 1053
992 1053
993 1053
995 1053
996 1053
999 1053
1000 1053
1001 1053
1002 1053
1003 1053
1005 1053
1006 1053
1007 1053
1008 1053
1010 1053
1011 1053
1012 1053
1013 1053
1014 1053
1015 1053
1016 1053
1017 1053
1018 1053
1019 1053
1020 1053
1021 1053
1022 1053
1023 1053
1024 1053
1025 1053
1026 1053
1027 1053
1028 1053
1029 1053
1030 1053
1031 1053
1032 1053
1033 1053
1034 1053
1035 1053
1037 1053
939 1053
939 1053
940 1053
941 1053
943 1053
945 1053
946 1053
948 1053
953 1053
954 1053
957 1053
959 1053
960 1053
961 1053
962 1053
963 1053
964 1053
966 1053
969 1053
974 1053
975 1053
976 1053
977 1053
978 1053
979 1053
980 1053
981 1053
982 1053
983 1053
984 1053
985 1053
988 1053
990 1053
991 1053
993 1053
994 1053
995 1053
996 1053
997 1053
999 1053
1000 1053
1001 1053
1002 1053
1003 1053
1006 1053
1008 1053
1011 1053
1012 1053
1013 1053
1014 1053
1015 1053
1016 1053
1017 1053
1018 1053
1019 1053
1020 1053
1021 1053
1022 1053
1023 1053
1024 1053
1025 1053
1026 1053
1027 1053
1030 1053
1031 1053
1032 1053
1033 1053
1034 1053
1036 1053
1037 1053
1038 1053
1039 1053
1040 1053
1041 1053
1042 1053
1043 1053
918 1053
918 1053
922 1053
924 1053
925 1053
929 1053
930 1053
933 1053
935 1053
936 1053
937 1053
938 1053
940 1053
941 1053
942 1053
943 1053
944 1053
947 1053
948 1053
949 1053
951 1053
955 1053
958 1053
959 1053
961 1053
962 1053
963 1053
964 1053
965 1053
966 1053
967 1053
969 1053
970 1053
971 1053
974 1053
976 1053
977 1053
978 1053
981 1053
982 1053
983 1053
984 1053
985 1053
986 1053
987 1053
989 1053
991 1053
994 1053
995 1053
996 1053
997 1053
998 1053
1000 1053
1001 1053
1003 1053
1004 1053
1005 1053
1006 1053
1007 1053
1008 1053
1009 1053
1011 1053
1012 1053
1014 1053
1015 1053
1016 1053
1018 1053
1019 1053
1022 1053
1024 1053
1026 1053
1027 1053
1028 1053
1029 1053
1030 1053
1031 1053
1032 1053
1033 1053
1034 1053
1035 1053
1036 1053
1037 1053
1038 1053
1039 1053
1040 1053
1042 1053
1043 1053
927 1053
927 1053
928 1053
930 1053
932 1053
933 1053
936 1053
937 1053
938 1053
939 1053
940 1053
941 1053
942 1053
944 1053
948 1053
949 1053
953 1053
955 1053
956 1053
958 1053
959 1053
963 1053
964 1053
966 1053
967 1053
969 1053
972 1053
973 1053
975 1053
976 1053
977 1053
980 1053
982 1053
984 1053
986 1053
987 1053
988 1053
990 1053
992 1053
994 1053
997 1053
998 1053
1001 1053
1004 1053
1005 1053
1006 1053
1009 1053
1010 1053
1012 1053
1013 1053
1015 1053
1017 1053
1018 1053
1019 1053
1022 1053
1023 1053
1025 1053
1026 1053
1030 1053
1031 1053
1032 1053
1034 1053
1035 1053
1038 1053
1039 1053
1040 1053
1042 1053
1043 1053
1045 1053
1046 1053
1048 1053
945 1053
945 1053
947 1053
948 1053
949 1053
950 1053
951 1053
954 1053
955 1053
956 1053
957 1053
958 1053
961 1053
963 1053
965 1053
967 1053
968 1053
969 1053
972 1053
973 1053
974 1053
975 1053
977 1053
979 1053
981 1053
982 1053
983 1053
986 1053
987 1053
988 1053
989 1053
990 1053
991 1053
993 1053
994 1053
995 1053
997 1053
998 1053
999 1053
1000 1053
1002 1053
1003 1053
1004 1053
1005 1053
1007 1053
1008 1053
1009 1053
1010 1053
1011 1053
1012 1053
1013 1053
1014 1053
1015 1053
1016 1053
1017 1053
1018 1053
1019 1053
1021 1053
1022 1053
1023 1053
1025 1053
1026 1053
1027 1053
1028 1053
1029 1053
1030 1053
1031 1053
1032 1053
1033 1053
1034 1053
1035 1053
1036 1053
1037 1053
918 1053
918 1053
920 1053
924 1053
926 1053
928 1053
930 1053
933 1053
935 1053
941 1053
942 1053
944 1053
945 1053
946 1053
948 1053
950 1053
955 1053
957 1053
959 1053
961 1053
962 1053
963 1053
964 1053
966 1053
968 1053
969 1053
970 1053
971 1053
972 1053
974 1053
975 1053
976 1053
977 1053
979 1053
980 1053
982 1053
983 1053
984 1053
987 1053
989 1053
990 1053
992 1053
993 1053
994 1053
996 1053
997 1053
998 1053
1000 1053
1002 1053
1003 1053
1004 1053
1005 1053
1006 1053
1007 1053
1008 1053
1009 1053
1010 1053
1012 1053
1013 1053
1015 1053
1016 1053
1018 1053
1019 1053
1020 1053
1021 1053
1022 1053
1023 1053
1024 1053
1025 1053
1026 1053
1027 1053
1028 1053
1029 1053
1030 1053
1031 1053
1032 1053
1033 1053
1034 1053
1035 1053
1036 1053
932 1053
932 1053
934 1053
935 1053
937 1053
940 1053
941 1053
943 1053
944 1053
945 1053
948 1053
949 1053
951 1053
952 1053
953 1053
956 1053
957 1053
959 1053
960 1053
961 1053
963 1053
964 1053
966 1053
967 1053
969 1053
970 1053
971 1053
972 1053
973 1053
975 1053
978 1053
979 1053
980 1053
981 1053
982 1053
983 1053
984 1053
985 1053
988 1053
989 1053
990 1053
992 1053
993 1053
997 1053
998 1053
1001 1053
1002 1053
1004 1053
1005 1053
1006 1053
1007 1053
1010 1053
1012 1053
1013 1053
1014 1053
1015 1053
1016 1053
1017 1053
1018 1053
1019 1053
1020 1053
1021 1053
1023 1053
1025 1053
1026 1053
1027 1053
1029 1053
1030 1053
1031 1053
1032 1053
1033 1053
1034 1053
1036 1053
1037 1053
1038 1053
1039 1053
1040 1053
1041 1053
923 1053
923 1053
926 1053
927 1053
929 1053
930 1053
933 1053
934 1053
936 1053
938 1053
939 1053
941 1053
943 1053
947 1053
950 1053
951 1053
952 1053
953 1053
955 1053
956 1053
957 1053
961 1053
962 1053
963 1053
966 1053
969 1053
970 1053
972 1053
973 1053
974 1053
975 1053
976 1053
977 1053
979 1053
980 1053
981 1053
985 1053
986 1053
988 1053
989 1053
992 1053
993 1053
994 1053
997 1053
998 1053
999 1053
1000 1053
1002 1053
1003 1053
1006 1053
1007 1053
1009 1053
1010 1053
1012 1053
1014 1053
1015 1053
1016 1053
1017 1053
1018 1053
1019 1053
1021 1053
1022 1053
1023 1053
1024 1053
1025 1053
1027 1053
1028 1053
1029 1053
1030 1053
1032 1053
1033 1053
1037 1053
1038 1053
1039 1053
1040 1053
1041 1053
1042 1053
1043 1053
1044 1053
925 1053
925 1053
927 1053
930 1053
931 1053
933 1053
935 1053
936 1053
937 1053
938 1053
940 1053
943 1053
944 1053
946 1053
948 1053
949 1053
950 1053
951 1053
952 1053
953 1053
954 1053
958 1053
959 1053
961 1053
967 1053
968 1053
971 1053
972 1053
974 1053
975 1053
976 1053
977 1053
978 1053
979 1053
980 1053
981 1053
983 1053
984 1053
985 1053
987 1053
988 1053
989 1053
991 1053
992 1053
994 1053
996 1053
997 1053
998 1053
999 1053
1000 1053
1001 1053
1002 1053
1003 1053
1004 1053
1005 1053
1006 1053
1007 1053
1008 1053
1009 1053
1010 1053
1012 1053
1013 1053
1014 1053
1016 1053
1017 1053
1018 1053
1019 1053
1020 1053
1021 1053
1022 1053
1023 1053
1024 1053
1027 1053
1028 1053
1029 1053
1030 1053
1031 1053
1032 1053
1033 1053
1034 1053
1035 1053
1036 1053
1037 1053
1038 1053
929 1053
929 1053
930 1053
932 1053
934 1053
937 1053
939 1053
943 1053
946 1053
947 1053
950 1053
952 1053
954 1053
956 1053
957 1053
959 1053
960 1053
961 1053
964 1053
965 1053
967 1053
968 1053
969 1053
971 1053
972 1053
973 1053
975 1053
976 1053
979 1053
980 1053
982 1053
984 1053
985 1053
986 1053
987 1053
990 1053
991 1053
994 1053
995 1053
996 1053
997 1053
998 1053
999 1053
1000 1053
1002 1053
1003 1053
1005 1053
1006 1053
1007 1053
1008 1053
1009 1053
1011 1053
1012 1053
1014 1053
1016 1053
1018 1053
1019 1053
1020 1053
1023 1053
1024 1053
1026 1053
1027 1053
1028 1053
1029 1053
1030 1053
1031 1053
1032 1053
1033 1053
1034 1053
1035 1053
930 1053
930 1053
931 1053
932 1053
933 1053
934 1053
935 1053
939 1053
941 1053
943 1053
944 1053
945 1053
947 1053
948 1053
950 1053
951 1053
952 1053
954 1053
956 1053
957 1053
958 1053
959 1053
960 1053
962 1053
963 1053
966 1053
967 1053
968 1053
969 1053
973 1053
975 1053
976 1053
978 1053
979 1053
980 1053
981 1053
983 1053
986 1053
988 1053
989 1053
990 1053
992 1053
993 1053
994 1053
995 1053
996 1053
997 1053
999 1053
1003 1053
1004 1053
1007 1053
1009 1053
1010 1053
1011 1053
1013 1053
1015 1053
1016 1053
1017 1053
1018 1053
1019 1053
1020 1053
1021 1053
1022 1053
1023 1053
1024 1053
1025 1053
1026 1053
1027 1053
1028 1053
1029 1053
1030 1053
1031 1053
1032 1053
1033 1053
1034 1053
1035 1053
1036 1053
1037 1053
1038 1053
1039 1053
1040 1053
1041 1053
1042 1053
1043 1053
934 1053
934 1053
940 1053
941 1053
942 1053
943 1053
944 1053
946 1053
947 1053
949 1053
951 1053
952 1053
954 1053
955 1053
956 1053
957 1053
959 1053
960 1053
962 1053
964 1053
965 1053
968 1053
970 1053
973 1053
974 1053
975 1053
976 1053
977 1053
978 1053
980 1053
982 1053
984 1053
985 1053
988 1053
989 1053
990 1053
992 1053
995 1053
996 1053
998 1053
999 1053
1001 1053
1002 1053
1003 1053
1004 1053
1005 1053
1007 1053
1008 1053
1009 1053
1010 1053
1013 1053
1015 1053
1017 1053
1020 1053
1021 1053
1022 1053
1023 1053
1024 1053
1026 1053
1027 1053
1029 1053
1030 1053
1031 1053
1032 1053
1034 1053
1036 1053
1038 1053
1039 1053
1040 1053
1041 1053
1043 1053
1044 1053
1045 1053
928 1053
928 1053
931 1053
932 1053
933 1053
934 1053
935 1053
936 1053
939 1053
942 1053
944 1053
945 1053
947 1053
948 1053
949 1053
951 1053
952 1053
954 1053
955 1053
959 1053
960 1053
962 1053
964 1053
967 1053
968 1053
969 1053
970 1053
971 1053
972 1053
974 1053
976 1053
977 1053
979 1053
980 1053
981 1053
983 1053
984 1053
985 1053
986 1053
987 1053
988 1053
990 1053
992 1053
993 1053
994 1053
996 1053
997 1053
998 1053
999 1053
1000 1053
1001 1053
1004 1053
1006 1053
1007 1053
1008 1053
1009 1053
1010 1053
1011 1053
1013 1053
1014 1053
1016 1053
1018 1053
1019 1053
1020 1053
1021 1053
1022 1053
1023 1053
1025 1053
1027 1053
1028 1053
1030 1053
1031 1053
1032 1053
1033 1053
1034 1053
1035 1053
1036 1053
939 1053
939 1053
943 1053
944 1053
946 1053
950 1053
951 1053
954 1053
955 1053
957 1053
958 1053
959 1053
961 1053
963 1053
965 1053
967 1053
968 1053
969 1053
972 1053
974 1053
976 1053
979 1053
980 1053
981 1053
982 1053
983 1053
985 1053
986 1053
988 1053
991 1053
992 1053
995 1053
996 1053
997 1053
998 1053
999 1053
1000 1053
1002 1053
1005 1053
1007 1053
1008 1053
1010 1053
1011 1053
1012 1053
1014 1053
1015 1053
1016 1053
1018 1053
1019 1053
1020 1053
1021 1053
1022 1053
1023 1053
1025 1053
1027 1053
1029 1053
1030 1053
1031 1053
1032 1053
1033 1053
1035 1053
1037 1053
1038 1053
1039 1053
1040 1053
1041 1053
919 1053
919 1053
920 1053
923 1053
924 1053
929 1053
931 1053
932 1053
935 1053
938 1053
940 1053
943 1053
945 1053
946 1053
948 1053
949 1053
951 1053
952 1053
953 1053
956 1053
957 1053
958 1053
959 1053
960 1053
962 1053
963 1053
964 1053
965 1053
967 1053
970 1053
973 1053
974 1053
975 1053
976 1053
979 1053
984 1053
986 1053
987 1053
988 1053
989 1053
991 1053
992 1053
993 1053
994 1053
995 1053
996 1053
997 1053
1000 1053
1001 1053
1002 1053
1003 1053
1004 1053
1006 1053
1007 1053
1008 1053
1009 1053
1010 1053
1011 1053
1012 1053
1013 1053
1015 1053
1016 1053
1017 1053
1018 1053
1019 1053
1020 1053
1021 1053
1022 1053
1023 1053
1024 1053
1025 1053
1026 1053
1027 1053
1028 1053
1030 1053
1031 1053
1032 1053
1033 1053
1034 1053
1035 1053
1036 1053
1037 1053
1039 1053
944 1053
944 1053
947 1053
948 1053
950 1053
952 1053
954 1053
957 1053
959 1053
961 1053
964 1053
966 1053
967 1053
968 1053
969 1053
970 1053
971 1053
972 1053
973 1053
974 1053
975 1053
977 1053
978 1053
979 1053
980 1053
982 1053
984 1053
985 1053
986 1053
989 1053
990 1053
992 1053
994 1053
995 1053
996 1053
997 1053
998 1053
999 1053
1000 1053
1001 1053
1002 1053
1003 1053
1005 1053
1007 1053
1008 1053
1011 1053
1013 1053
1015 1053
1016 1053
1017 1053
1018 1053
1019 1053
1020 1053
1021 1053
1022 1053
1023 1053
1024 1053
1025 1053
1026 1053
1027 1053
1028 1053
1029 1053
1030 1053
1031 1053
951 1053
951 1053
952 1053
953 1053
959 1053
961 1053
962 1053
967 1053
969 1053
971 1053
973 1053
974 1053
975 1053
976 1053
977 1053
978 1053
981 1053
982 1053
983 1053
985 1053
988 1053
989 1053
990 1053
991 1053
993 1053
994 1053
995 1053
996 1053
997 1053
999 1053
1001 1053
1003 1053
1005 1053
1006 1053
1007 1053
1008 1053
1010 1053
1011 1053
1012 1053
1013 1053
1014 1053
1016 1053
1017 1053
1018 1053
1019 1053
1020 1053
1021 1053
1023 1053
1024 1053
1025 1053
1026 1053
1028 1053
1029 1053
1030 1053
1031 1053
1032 1053
1033 1053
1034 1053
1035 1053
1036 1053
1037 1053
1038 1053
1039 1053
1040 1053
1041 1053
937 1053
937 1053
940 1053
943 1053
944 1053
945 1053
946 1053
948 1053
949 1053
952 1053
953 1053
954 1053
956 1053
957 1053
960 1053
963 1053
964 1053
967 1053
968 1053
969 1053
970 1053
973 1053
974 1053
975 1053
977 1053
980 1053
983 1053
987 1053
988 1053
989 1053
990 1053
991 1053
992 1053
993 1053
995 1053
996 1053
998 1053
1000 1053
1001 1053
1002 1053
1004 1053
1005 1053
1007 1053
1008 1053
1009 1053
1010 1053
1011 1053
1012 1053
1014 1053
1016 1053
1017 1053
1018 1053
1019 1053
1021 1053
1023 1053
1024 1053
1025 1053
1027 1053
1028 1053
1029 1053
1030 1053
1031 1053
1032 1053
1033 1053
1035 1053
1037 1053
1038 1053
1039 1053
918 1053
918 1053
922 1053
924 1053
926 1053
930 1053
931 1053
932 1053
933 1053
936 1053
937 1053
938 1053
941 1053
944 1053
945 1053
947 1053
948 1053
949 1053
951 1053
952 1053
954 1053
955 1053
957 1053
960 1053
961 1053
963 1053
965 1053
966 1053
968 1053
969 1053
970 1053
971 1053
973 1053
974 1053
975 1053
977 1053
978 1053
980 1053
981 1053
984 1053
985 1053
986 1053
987 1053
988 1053
989 1053
992 1053
993 1053
994 1053
995 1053
996 1053
997 1053
999 1053
1000 1053
1001 1053
1002 1053
1003 1053
1005 1053
1007 1053
1008 1053
1009 1053
1010 1053
1011 1053
1012 1053
1014 1053
1015 1053
1016 1053
1018 1053
1019 1053
1020 1053
1021 1053
1022 1053
1023 1053
1024 1053
1025 1053
1026 1053
1027 1053
1028 1053
1029 1053
1030 1053
1031 1053
1032 1053
1033 1053
937 1053
937 1053
938 1053
941 1053
942 1053
946 1053
947 1053
949 1053
950 1053
951 1053
952 1053
956 1053
957 1053
959 1053
962 1053
963 1053
964 1053
965 1053
966 1053
967 1053
970 1053
971 1053
972 1053
973 1053
976 1053
977 1053
978 1053
979 1053
985 1053
987 1053
989 1053
990 1053
991 1053
993 1053
995 1053
996 1053
997 1053
999 1053
1000 1053
1001 1053
1002 1053
1003 1053
1004 1053
1005 1053
1007 1053
1008 1053
1009 1053
1010 1053
1011 1053
1012 1053
1014 1053
1016 1053
1017 1053
1018 1053
1019 1053
1020 1053
1021 1053
1024 1053
1025 1053
1027 1053
1028 1053
1029 1053
1031 1053
1032 1053
1034 1053
1035 1053
1036 1053
1037 1053
1038 1053
1040 1053
1041 1053
938 1053
938 1053
943 1053
944 1053
947 1053
948 1053
949 1053
951 1053
952 1053
953 1053
956 1053
957 1053
959 1053
962 1053
964 1053
965 1053
967 1053
969 1053
970 1053
971 1053
972 1053
973 1053
974 1053
975 1053
977 1053
978 1053
979 1053
981 1053
985 1053
986 1053
987 1053
988 1053
991 1053
992 1053
994 1053
995 1053
996 1053
998 1053
999 1053
1000 1053
1001 1053
1002 1053
1003 1053
1005 1053
1006 1053
1008 1053
1009 1053
1010 1053
1011 1053
1013 1053
1014 1053
1015 1053
1016 1053
1017 1053
1020 1053
1023 1053
1024 1053
1025 1053
1026 1053
1027 1053
1028 1053
1029 1053
1030 1053
1031 1053
1032 1053
1033 1053
1034 1053
1035 1053
1036 1053
1037 1053
1038 1053
947 1053
947 1053
948 1053
949 1053
950 1053
951 1053
952 1053
954 1053
956 1053
957 1053
958 1053
959 1053
961 1053
963 1053
964 1053
967 1053
969 1053
973 1053
975 1053
976 1053
977 1053
978 1053
979 1053
983 1053
984 1053
986 1053
987 1053
988 1053
989 1053
990 1053
991 1053
992 1053
994 1053
995 1053
997 1053
1000 1053
1001 1053
1003 1053
1004 1053
1005 1053
1006 1053
1007 1053
1008 1053
1009 1053
1010 1053
1012 1053
1013 1053
1015 1053
1016 1053
1017 1053
1018 1053
1019 1053
1020 1053
1021 1053
1022 1053
1023 1053
1024 1053
1025 1053
1026 1053
1027 1053
1028 1053
1029 1053
1032 1053
1033 1053
1034 1053
1035 1053
1036 1053
1037 1053
1038 1053
1039 1053
1040 1053
940 1053
940 1053
941 1053
943 1053
945 1053
947 1053
948 1053
949 1053
950 1053
951 1053
955 1053
958 1053
960 1053
962 1053
963 1053
964 1053
966 1053
968 1053
970 1053
971 1053
972 1053
973 1053
974 1053
975 1053
976 1053
978 1053
980 1053
981 1053
983 1053
984 1053
985 1053
986 1053
988 1053
989 1053
990 1053
992 1053
993 1053
994 1053
996 1053
998 1053
999 1053
1000 1053
1003 1053
1004 1053
1006 1053
1008 1053
1009 1053
1010 1053
1011 1053
1013 1053
1014 1053
1015 1053
1016 1053
1017 1053
1018 1053
1020 1053
1022 1053
1023 1053
1024 1053
1028 1053
1031 1053
1032 1053
1033 1053
1035 1053
1036 1053
1037 1053
930 1053
930 1053
932 1053
939 1053
940 1053
943 1053
944 1053
945 1053
946 1053
947 1053
948 1053
952 1053
955 1053
956 1053
958 1053
960 1053
961 1053
962 1053
963 1053
964 1053
967 1053
968 1053
970 1053
971 1053
972 1053
974 1053
975 1053
976 1053
978 1053
979 1053
982 1053
983 1053
984 1053
986 1053
987 1053
988 1053
989 1053
990 1053
991 1053
995 1053
998 1053
999 1053
1000 1053
1003 1053
1004 1053
1006 1053
1007 1053
1010 1053
1012 1053
1013 1053
1015 1053
1016 1053
1017 1053
1018 1053
1019 1053
1020 1053
1023 1053
1024 1053
1026 1053
1027 1053
1028 1053
1029 1053
1030 1053
1031 1053
1032 1053
1033 1053
1034 1053
1035 1053
1036 1053
933 1053
933 1053
934 1053
937 1053
938 1053
939 1053
942 1053
943 1053
946 1053
948 1053
949 1053
952 1053
954 1053
955 1053
958 1053
959 1053
960 1053
961 1053
962 1053
964 1053
966 1053
967 1053
970 1053
972 1053
974 1053
975 1053
977 1053
979 1053
981 1053
982 1053
984 1053
985 1053
986 1053
987 1053
992 1053
993 1053
996 1053
998 1053
999 1053
1000 1053
1001 1053
1002 1053
1003 1053
1005 1053
1006 1053
1008 1053
1009 1053
1010 1053
1011 1053
1013 1053
1014 1053
1015 1053
1017 1053
1018 1053
1019 1053
1020 1053
1022 1053
1023 1053
1024 1053
1025 1053
1026 1053
1027 1053
1029 1053
1030 1053
1031 1053
1032 1053
1033 1053
1034 1053
1035 1053
1036 1053
1037 1053
1038 1053
1039 1053
1040 1053
1043 1053
1045 1053
1046 1053
1047 1053
1048 1053
937 1053
937 1053
939 1053
940 1053
941 1053
945 1053
946 1053
947 1053
949 1053
950 1053
951 1053
952 1053
953 1053
956 1053
958 1053
960 1053
961 1053
962 1053
963 1053
965 1053
967 1053
969 1053
970 1053
971 1053
972 1053
973 1053
975 1053
976 1053
977 1053
979 1053
980 1053
981 1053
983 1053
984 1053
985 1053
986 1053
988 1053
989 1053
990 1053
992 1053
993 1053
994 1053
997 1053
999 1053
1000 1053
1002 1053
1003 1053
1004 1053
1005 1053
1006 1053
1007 1053
1008 1053
1009 1053
1010 1053
1012 1053
1014 1053
1015 1053
1017 1053
1018 1053
1020 1053
1021 1053
1022 1053
1024 1053
1025 1053
1026 1053
1027 1053
1028 1053
1029 1053
1030 1053
1031 1053
1033 1053
1035 1053
957 1053
957 1053
958 1053
959 1053
960 1053
961 1053
962 1053
965 1053
966 1053
967 1053
969 1053
972 1053
975 1053
976 1053
977 1053
979 1053
980 1053
981 1053
982 1053
983 1053
984 1053
985 1053
986 1053
988 1053
989 1053
990 1053
991 1053
992 1053
993 1053
994 1053
995 1053
997 1053
998 1053
999 1053
1000 1053
1001 1053
1002 1053
1005 1053
1006 1053
1007 1053
1008 1053
1010 1053
1011 1053
1013 1053
1014 1053
1015 1053
1017 1053
1018 1053
1019 1053
1022 1053
1024 1053
1025 1053
1027 1053
1028 1053
1029 1053
1030 1053
1032 1053
1033 1053
1034 1053
1035 1053
1036 1053
1037 1053
1038 1053
1039 1053
1040 1053
1041 1053
1042 1053
1043 1053
925 1053
925 1053
926 1053
929 1053
930 1053
932 1053
934 1053
936 1053
938 1053
940 1053
941 1053
943 1053
945 1053
947 1053
948 1053
950 1053
951 1053
954 1053
957 1053
961 1053
962 1053
964 1053
965 1053
966 1053
967 1053
968 1053
971 1053
972 1053
975 1053
979 1053
982 1053
984 1053
985 1053
987 1053
988 1053
989 1053
990 1053
992 1053
993 1053
995 1053
996 1053
998 1053
1000 1053
1002 1053
1003 1053
1005 1053
1006 1053
1008 1053
1009 1053
1010 1053
1011 1053
1013 1053
1014 1053
1015 1053
1016 1053
1018 1053
1019 1053
1020 1053
1021 1053
1022 1053
1023 1053
1024 1053
1025 1053
1027 1053
1028 1053
1029 1053
1030 1053
1031 1053
1032 1053
1033 1053
1034 1053
935 1053
935 1053
939 1053
941 1053
945 1053
946 1053
949 1053
952 1053
953 1053
955 1053
956 1053
957 1053
958 1053
962 1053
966 1053
969 1053
971 1053
972 1053
974 1053
975 1053
977 1053
979 1053
984 1053
987 1053
988 1053
989 1053
991 1053
995 1053
996 1053
997 1053
999 1053
1000 1053
1001 1053
1003 1053
1005 1053
1006 1053
1010 1053
1012 1053
1013 1053
1014 1053
1015 1053
1016 1053
1017 1053
1018 1053
1019 1053
1020 1053
1022 1053
1023 1053
1025 1053
1026 1053
1027 1053
1028 1053
1029 1053
1030 1053
1031 1053
1032 1053
1033 1053
1034 1053
1035 1053
1036 1053
1037 1053
1038 1053
1039 1053
932 1053
932 1053
933 1053
935 1053
937 1053
939 1053
940 1053
941 1053
942 1053
943 1053
944 1053
945 1053
946 1053
949 1053
950 1053
951 1053
952 1053
953 1053
954 1053
957 1053
958 1053
961 1053
964 1053
965 1053
966 1053
967 1053
969 1053
970 1053
972 1053
973 1053
974 1053
975 1053
976 1053
977 1053
979 1053
981 1053
983 1053
984 1053
985 1053
987 1053
989 1053
990 1053
992 1053
993 1053
994 1053
996 1053
997 1053
998 1053
999 1053
1000 1053
1001 1053
1003 1053
1004 1053
1007 1053
1009 1053
1010 1053
1011 1053
1012 1053
1013 1053
1014 1053
1015 1053
1016 1053
1017 1053
1018 1053
1019 1053
1020 1053
1021 1053
1022 1053
1024 1053
1025 1053
1027 1053
1029 1053
1030 1053
1031 1053
1032 1053
1033 1053
1034 1053
1036 1053
1037 1053
931 1053
931 1053
933 1053
934 1053
935 1053
936 1053
937 1053
940 1053
941 1053
942 1053
944 1053
949 1053
951 1053
953 1053
957 1053
958 1053
961 1053
963 1053
964 1053
966 1053
967 1053
968 1053
969 1053
970 1053
971 1053
972 1053
973 1053
974 1053
975 1053
976 1053
978 1053
981 1053
982 1053
983 1053
985 1053
988 1053
990 1053
991 1053
992 1053
993 1053
994 1053
995 1053
996 1053
997 1053
998 1053
999 1053
1000 1053
1001 1053
1002 1053
1004 1053
1005 1053
1006 1053
1007 1053
1008 1053
1010 1053
1011 1053
1012 1053
1014 1053
1015 1053
1016 1053
1017 1053
1018 1053
1019 1053
1020 1053
1022 1053
1023 1053
1024 1053
1026 1053
1027 1053
1028 1053
1029 1053
1031 1053
1032 1053
1033 1053
1034 1053
1035 1053
1036 1053
1037 1053
933 1053
933 1053
934 1053
935 1053
937 1053
938 1053
939 1053
940 1053
941 1053
942 1053
944 1053
947 1053
950 1053
952 1053
953 1053
958 1053
959 1053
961 1053
962 1053
963 1053
965 1053
966 1053
967 1053
968 1053
969 1053
970 1053
971 1053
973 1053
974 1053
975 1053
977 1053
979 1053
980 1053
981 1053
982 1053
984 1053
985 1053
986 1053
988 1053
990 1053
993 1053
994 1053
995 1053
997 1053
998 1053
999 1053
1000 1053
1003 1053
1005 1053
1006 1053
1008 1053
1009 1053
1011 1053
1013 1053
1014 1053
1016 1053
1017 1053
1018 1053
1019 1053
1020 1053
1021 1053
1023 1053
1024 1053
1025 1053
1026 1053
1028 1053
1029 1053
1030 1053
1031 1053
1032 1053
1033 1053
1034 1053
1035 1053
1036 1053
1037 1053
1039 1053
1040 1053
1041 1053
1042 1053
1043 1053
1044 1053
940 1053
940 1053
941 1053
942 1053
947 1053
950 1053
951 1053
952 1053
953 1053
954 1053
955 1053
956 1053
957 1053
958 1053
959 1053
960 1053
963 1053
966 1053
967 1053
969 1053
971 1053
976 1053
979 1053
980 1053
981 1053
983 1053
986 1053
987 1053
990 1053
991 1053
993 1053
995 1053
996 1053
997 1053
998 1053
999 1053
1000 1053
1001 1053
1003 1053
1006 1053
1009 1053
1011 1053
