21173 21173
21234 21234
21234 21234
21325 21325
21415 21415
21498 21498
21576 21576
21652 21652
21727 21727
21794 21794
21858 21858
21921 21921
21983 21983
22044 22044
22102 22102
22158 22158
22214 22214
22269 22269
22324 22324
22379 22379
22433 22433
22484 22484
22534 22534
22583 22583
22632 22632
22679 22679
22726 22726
22771 22771
22814 22814
22856 22856
22898 22898
22938 22938
22978 22978
23017 23017
23055 23055
23093 23093
23131 23131
23168 23168
23203 23203
23238 23238
23273 23273
23308 23308
23342 23342
23375 23375
23407 23407
23439 23439
23471 23471
23502 23502
23532 23532
23562 23562
23591 23591
23620 23620
23649 23649
23678 23678
23706 23706
23733 23733
23760 23760
23786 23786
23812 23812
23838 23838
23863 23863
23888 23888
23912 23912
23936 23936
23960 23960
23983 23983
24006 24006
24028 24028
24050 24050
24072 24072
24094 24094
24115 24115
24136 24136
24157 24157
24177 24177
24197 24197
24217 24217
24237 24237
24256 24256
24275 24275
24294 24294
24312 24312
24330 24330
24347 24347
24364 24364
24381 24381
24398 24398
24414 24414
24430 24430
24446 24446
24462 24462
24477 24477
24492 24492
24507 24507
24522 24522
24536 24536
24550 24550
24563 24563
24576 24576
24589 24589
24602 24602
24614 24614
24625 24625
24636 24636
24646 24646
24656 24656
24666 24666
24675 24675
24684 24684
24687 24687
24690 24690
24693 24693
24696 24696
24699 24699
24702 24702
24705 24705
24708 24708
24711 24711
24714 24714
24717 24717
24720 24720
24722 24722
24724 24724
24726 24726
24728 24728
24730 24730
24732 24732
24734 24734
24736 24736
24738 24738
24740 24740
24742 24742
24744 24744
24745 24745
24746 24746
24747 24747
24748 24748
24749 24749
24750 24750
