21021 21021
20892 21021
20481 21021
21480 21480
21366 21480
22239 22239
21054 22239
21321 22239
20418 22239
20381 22239
20252 22239
21536 22239
20872 22239
20467 22239
21302 22239
21109 22239
21436 22239
21560 22239
21249 22239
20868 22239
20649 22239
21132 22239
21441 22239
20700 22239
21198 22239
20596 22239
20956 22239
21067 22239
21233 22239
20147 22239
20511 22239
21224 22239
20523 22239
20898 22239
21162 22239
19800 22239
20403 22239
20760 22239
21707 22239
21259 22239
21146 22239
21520 22239
22523 22523
21339 22523
20764 22523
20730 22523
21155 22523
20905 22523
21324 22523
21013 22523
21071 22523
21395 22523
20862 22523
20895 22523
20265 22523
20747 22523
21010 22523
21011 22523
21328 22523
21110 22523
20836 22523
21156 22523
20869 22523
22218 22523
22017 22523
21698 22523
21118 22523
21646 22523
20996 22523
21395 22523
21324 22523
21379 22523
20856 22523
21569 22523
21303 22523
21195 22523
20956 22523
21668 22523
21176 22523
20994 22523
21179 22523
21263 22523
21470 22523
21311 22523
21708 22523
21070 22523
21577 22523
20419 22523
22330 22523
20840 22523
21445 22523
21914 22523
21684 22523
21536 22523
21175 22523
21366 22523
21130 22523
21704 22523
21418 22523
21541 22523
21508 22523
20893 22523
20699 22523
22324 22523
21509 22523
20934 22523
21334 22523
21104 22523
20703 22523
21480 22523
21582 22523
21080 22523
20924 22523
21470 22523
21536 22523
21339 22523
21252 22523
21328 22523
20675 22523
20925 22523
21537 22523
22142 22523
20506 22523
21194 22523
22372 22523
21470 22523
22302 22523
21907 22523
21079 22523
21417 22523
21684 22523
21226 22523
21616 22523
21740 22523
21471 22523
21566 22523
21387 22523
22042 22523
21525 22523
21673 22523
20938 22523
21376 22523
22169 22523
21654 22523
21366 22523
21621 22523
22004 22523
21697 22523
21430 22523
21548 22523
21842 22523
21582 22523
20857 22523
21799 22523
21366 22523
21324 22523
21334 22523
22048 22523
21536 22523
21104 22523
22391 22523
21435 22523
21337 22523
21572 22523
21319 22523
20899 22523
21547 22523
22140 22523
21680 22523
21464 22523
20904 22523
21724 22523
22017 22523
21366 22523
21135 22523
21373 22523
21645 22523
21324 22523
21743 22523
21546 22523
22357 22523
22152 22523
21472 22523
21334 22523
21239 22523
20889 22523
21244 22523
22023 22523
21432 22523
21669 22523
21924 22523
21616 22523
21987 22523
22522 22523
21742 22523
21211 22523
21376 22523
21925 22523
21435 22523
21643 22523
21673 22523
21492 22523
21650 22523
20965 22523
21387 22523
21953 22523
21907 22523
22140 22523
22179 22523
21417 22523
21704 22523
22174 22523
22372 22523
21572 22523
21588 22523
21211 22523
21261 22523
22134 22523
22104 22523
22234 22523
21566 22523
21536 22523
21828 22523
21506 22523
21471 22523
22128 22523
21699 22523
21662 22523
21724 22523
21497 22523
21365 22523
22087 22523
21772 22523
21125 22523
21842 22523
21572 22523
21653 22523
21700 22523
21103 22523
21586 22523
22357 22523
21957 22523
21583 22523
21786 22523
21397 22523
21915 22523
21953 22523
22100 22523
21448 22523
22008 22523
21593 22523
21697 22523
22470 22523
22109 22523
21695 22523
21471 22523
22034 22523
22026 22523
22107 22523
21857 22523
21591 22523
22152 22523
22149 22523
21193 22523
22086 22523
22402 22523
22393 22523
22098 22523
21791 22523
22049 22523
21330 22523
21562 22523
21585 22523
21220 22523
21687 22523
22436 22523
22087 22523
21828 22523
21986 22523
22216 22523
21872 22523
21715 22523
21517 22523
22026 22523
22198 22523
22275 22523
21511 22523
21546 22523
21276 22523
21735 22523
21620 22523
21525 22523
22383 22523
21987 22523
21585 22523
22092 22523
21775 22523
21647 22523
22140 22523
22128 22523
21847 22523
22526 22526
22639 22639
22156 22639
22337 22639
22206 22639
22431 22639
21847 22639
22168 22639
22107 22639
21748 22639
22377 22639
21952 22639
22089 22639
21674 22639
21538 22639
21551 22639
21873 22639
22402 22639
22008 22639
21532 22639
22268 22639
21386 22639
22163 22639
21737 22639
22095 22639
21864 22639
21544 22639
21887 22639
22525 22639
21770 22639
22393 22639
22310 22639
22521 22639
21861 22639
21786 22639
22694 22694
21895 22694
21794 22694
21764 22694
22409 22694
21957 22694
21970 22694
22068 22694
22328 22694
21631 22694
22014 22694
22064 22694
21852 22694
21957 22694
21397 22694
21882 22694
22300 22694
22149 22694
22471 22694
21580 22694
21741 22694
21602 22694
21596 22694
22009 22694
22080 22694
22377 22694
21950 22694
21960 22694
22734 22734
22050 22734
22057 22734
22225 22734
22355 22734
22647 22734
22442 22734
22548 22734
22031 22734
22602 22734
22279 22734
22325 22734
22639 22734
21655 22734
22531 22734
21673 22734
22512 22734
22310 22734
22524 22734
22100 22734
22095 22734
22347 22734
22326 22734
21801 22734
22364 22734
22197 22734
21921 22734
22068 22734
22159 22734
21901 22734
22302 22734
22389 22734
22169 22734
22248 22734
22209 22734
21952 22734
22428 22734
21986 22734
22138 22734
22310 22734
22631 22734
22387 22734
22639 22734
22517 22734
22066 22734
22053 22734
21397 22734
22072 22734
22086 22734
21786 22734
21732 22734
22153 22734
22122 22734
21791 22734
22225 22734
22264 22734
22846 22846
22596 22846
22504 22846
22160 22846
22509 22846
22645 22846
22663 22846
22229 22846
22374 22846
22453 22846
21853 22846
22260 22846
22131 22846
22406 22846
22679 22846
22793 22846
22639 22846
22332 22846
22243 22846
22221 22846
22033 22846
22053 22846
22225 22846
22068 22846
22558 22846
22167 22846
22141 22846
22092 22846
22919 22919
21826 22919
22533 22919
22128 22919
22297 22919
22808 22919
22514 22919
22078 22919
22265 22919
22544 22919
22731 22919
22401 22919
22131 22919
22094 22919
22647 22919
22767 22919
22396 22919
22225 22919
21960 22919
22031 22919
22178 22919
22197 22919
21732 22919
22013 22919
22719 22919
22531 22919
22364 22919
21895 22919
22515 22919
22208 22919
22191 22919
22734 22919
22919 22919
22919 22919
22682 22919
22672 22919
22574 22919
22332 22919
22078 22919
22993 22993
22894 22993
22353 22993
22190 22993
22398 22993
22000 22993
22821 22993
22567 22993
22528 22993
22489 22993
22404 22993
22635 22993
22334 22993
22301 22993
22253 22993
22406 22993
22663 22993
22412 22993
22342 22993
22577 22993
22793 22993
22647 22993
22901 22993
22922 22993
22215 22993
22647 22993
22153 22993
22509 22993
22624 22993
22403 22993
21957 22993
22749 22993
23013 23013
22742 23013
22455 23013
22408 23013
22551 23013
22734 23013
22743 23013
22348 23013
22370 23013
22533 23013
22692 23013
22320 23013
22229 23013
22470 23013
22680 23013
22629 23013
22208 23013
22835 23013
22708 23013
22869 23013
22176 23013
22747 23013
22816 23013
22374 23013
22932 23013
22153 23013
22724 23013
22743 23013
22422 23013
22867 23013
22938 23013
22726 23013
22288 23013
22752 23013
22117 23013
22789 23013
22779 23013
22980 23013
22987 23013
22508 23013
22646 23013
22609 23013
22795 23013
22455 23013
22366 23013
22648 23013
23019 23019
22749 23019
22821 23019
22902 23019
22635 23019
22534 23019
22206 23019
22553 23019
22905 23019
22789 23019
22836 23019
22710 23019
22624 23019
22708 23019
22784 23019
22741 23019
22521 23019
22403 23019
22335 23019
22919 23019
22348 23019
22664 23019
22638 23019
22310 23019
22680 23019
22262 23019
22621 23019
22835 23019
22422 23019
22943 23019
22821 23019
22910 23019
22729 23019
22161 23019
22067 23019
22635 23019
22539 23019
22724 23019
22609 23019
22648 23019
22988 23019
22681 23019
22762 23019
22823 23019
22746 23019
22402 23019
22359 23019
22987 23019
22647 23019
22484 23019
22514 23019
22824 23019
22976 23019
22997 23019
22767 23019
22910 23019
23019 23019
22709 23019
22943 23019
22868 23019
22393 23019
22665 23019
22815 23019
22972 23019
22891 23019
22724 23019
22409 23019
22873 23019
22615 23019
22579 23019
22530 23019
22675 23019
22979 23019
23128 23128
22743 23128
22932 23128
22892 23128
22590 23128
22826 23128
22903 23128
23007 23128
22683 23128
22788 23128
22721 23128
22838 23128
22691 23128
22725 23128
22801 23128
22614 23128
22980 23128
22836 23128
23059 23128
22653 23128
22755 23128
22974 23128
23059 23128
22885 23128
22595 23128
22969 23128
22602 23128
22833 23128
22931 23128
22508 23128
22618 23128
22503 23128
22997 23128
22749 23128
22758 23128
23029 23128
22680 23128
22751 23128
22355 23128
22580 23128
22681 23128
22970 23128
22903 23128
23054 23128
22468 23128
22988 23128
22943 23128
22815 23128
22805 23128
22999 23128
22657 23128
22981 23128
22938 23128
22825 23128
22648 23128
22979 23128
22672 23128
22709 23128
22673 23128
22856 23128
22796 23128
22740 23128
22812 23128
22762 23128
23012 23128
22898 23128
22376 23128
22956 23128
22758 23128
22823 23128
23143 23143
22700 23143
22874 23143
22553 23143
22654 23143
22887 23143
22788 23143
22854 23143
22801 23143
22840 23143
22714 23143
23059 23143
23194 23194
22657 23194
22990 23194
23023 23194
22988 23194
22917 23194
22903 23194
22682 23194
22955 23194
22969 23194
22916 23194
22749 23194
23149 23194
23010 23194
22740 23194
23136 23194
22742 23194
22814 23194
22678 23194
23115 23194
22906 23194
23138 23194
22780 23194
23153 23194
22938 23194
23052 23194
22818 23194
22725 23194
22771 23194
23029 23194
23029 23194
22991 23194
22693 23194
22889 23194
22673 23194
22680 23194
23088 23194
22994 23194
22764 23194
22605 23194
22652 23194
22873 23194
22498 23194
22827 23194
22979 23194
22826 23194
22914 23194
22707 23194
23017 23194
22730 23194
23129 23194
23027 23194
22895 23194
22684 23194
23060 23194
22777 23194
22985 23194
22987 23194
22588 23194
22825 23194
22943 23194
23145 23194
23185 23194
22927 23194
22908 23194
23155 23194
22648 23194
22851 23194
22678 23194
22941 23194
23149 23194
23048 23194
22807 23194
23088 23194
23026 23194
22651 23194
23127 23194
23119 23194
22625 23194
23052 23194
23156 23194
23031 23194
22926 23194
23121 23194
22779 23194
22849 23194
22858 23194
22986 23194
22876 23194
22966 23194
23017 23194
22848 23194
22984 23194
23010 23194
23091 23194
22969 23194
23153 23194
22973 23194
22608 23194
22904 23194
23239 23239
22774 23239
22902 23239
22850 23239
22939 23239
22937 23239
22733 23239
23119 23239
22564 23239
23085 23239
22751 23239
22955 23239
23029 23239
22763 23239
23079 23239
22749 23239
22977 23239
23337 23337
23077 23337
23091 23337
22883 23337
23048 23337
22993 23337
22836 23337
22945 23337
23048 23337
23187 23337
23077 23337
23078 23337
23182 23337
23108 23337
23094 23337
23098 23337
22902 23337
23186 23337
23125 23337
23271 23337
23091 23337
23116 23337
22918 23337
22986 23337
23049 23337
22957 23337
23153 23337
23140 23337
23289 23337
23051 23337
23184 23337
23177 23337
23132 23337
23221 23337
22904 23337
23235 23337
23119 23337
22957 23337
23155 23337
23107 23337
22982 23337
22835 23337
23190 23337
23078 23337
23304 23337
23077 23337
23160 23337
22862 23337
22886 23337
23078 23337
22677 23337
23026 23337
22809 23337
22989 23337
23336 23337
22990 23337
22938 23337
22892 23337
23085 23337
22905 23337
22846 23337
22885 23337
22854 23337
23139 23337
23216 23337
23387 23387
22896 23387
23090 23387
23177 23387
23260 23387
23091 23387
23451 23451
22960 23451
23371 23451
23128 23451
22927 23451
22741 23451
23466 23466
23336 23466
22976 23466
23149 23466
23116 23466
23337 23466
22891 23466
23030 23466
23077 23466
23209 23466
23182 23466
22918 23466
23197 23466
23049 23466
23231 23466
23350 23466
23051 23466
22811 23466
23208 23466
23153 23466
23135 23466
23057 23466
23155 23466
23294 23466
23037 23466
23206 23466
23041 23466
23083 23466
22924 23466
23181 23466
22892 23466
23095 23466
23226 23466
23217 23466
23082 23466
23016 23466
23026 23466
23137 23466
23259 23466
22964 23466
23309 23466
23185 23466
23442 23466
22922 23466
23074 23466
23106 23466
23114 23466
23254 23466
23275 23466
23113 23466
23389 23466
23122 23466
23451 23466
23280 23466
23056 23466
22988 23466
23128 23466
23157 23466
23402 23466
23219 23466
23318 23466
23218 23466
23359 23466
23330 23466
23106 23466
23384 23466
23323 23466
23188 23466
23241 23466
23451 23466
23005 23466
23069 23466
23116 23466
23041 23466
22856 23466
23042 23466
23325 23466
23350 23466
23362 23466
23111 23466
23102 23466
23219 23466
23412 23466
23308 23466
23117 23466
23337 23466
23453 23466
23003 23466
23293 23466
23147 23466
23197 23466
23077 23466
23193 23466
23119 23466
23151 23466
23088 23466
23222 23466
23049 23466
23183 23466
23279 23466
23012 23466
23490 23490
23448 23490
23499 23499
22932 23499
23446 23499
23325 23499
23279 23499
23504 23504
23475 23504
23280 23504
23072 23504
23420 23504
23109 23504
23315 23504
23191 23504
23320 23504
23314 23504
23335 23504
23232 23504
23064 23504
23035 23504
23324 23504
23246 23504
23553 23553
23356 23553
23323 23553
23031 23553
23419 23553
23174 23553
23707 23707
23070 23707
23205 23707
23041 23707
23174 23707
23056 23707
23049 23707
23384 23707
23002 23707
23137 23707
23374 23707
23307 23707
23290 23707
23247 23707
23511 23707
23444 23707
23156 23707
23243 23707
23128 23707
23345 23707
23042 23707
22861 23707
23362 23707
23032 23707
23167 23707
23298 23707
23327 23707
23269 23707
23425 23707
23345 23707
23346 23707
23455 23707
23453 23707
23354 23707
23293 23707
23159 23707
23099 23707
23351 23707
23422 23707
23119 23707
23711 23711
23152 23711
23342 23711
23232 23711
23122 23711
23274 23711
23138 23711
23338 23711
23327 23711
23298 23711
23308 23711
23390 23711
23281 23711
23455 23711
23506 23711
23251 23711
23363 23711
23410 23711
23478 23711
23164 23711
23202 23711
23114 23711
23270 23711
23508 23711
23518 23711
23346 23711
23403 23711
23305 23711
23389 23711
23429 23711
23409 23711
23415 23711
23352 23711
23226 23711
23316 23711
23475 23711
23227 23711
23224 23711
23420 23711
23378 23711
23329 23711
23257 23711
23340 23711
23453 23711
23355 23711
23505 23711
23242 23711
23707 23711
23163 23711
23382 23711
23420 23711
23482 23711
23299 23711
23524 23711
23266 23711
23205 23711
23248 23711
23557 23711
23398 23711
23561 23711
23308 23711
23612 23711
23430 23711
23674 23711
23656 23711
23593 23711
23324 23711
23366 23711
23537 23711
23459 23711
23316 23711
23455 23711
23633 23711
23453 23711
23232 23711
23506 23711
23234 23711
23333 23711
23476 23711
23348 23711
23518 23711
23485 23711
23452 23711
23453 23711
23212 23711
23517 23711
23596 23711
23605 23711
23654 23711
23508 23711
23475 23711
23301 23711
23583 23711
23424 23711
23209 23711
23373 23711
23336 23711
23250 23711
23378 23711
23245 23711
23405 23711
23517 23711
23390 23711
23393 23711
23471 23711
23360 23711
23363 23711
23304 23711
23290 23711
23654 23711
23298 23711
23462 23711
23613 23711
23436 23711
23411 23711
23518 23711
23518 23711
23339 23711
23508 23711
23393 23711
23275 23711
23586 23711
23552 23711
23622 23711
23484 23711
23616 23711
23670 23711
23788 23788
23517 23788
23518 23788
23561 23788
23766 23788
23440 23788
23438 23788
23206 23788
23429 23788
23325 23788
23300 23788
23679 23788
23475 23788
23494 23788
23618 23788
23416 23788
23525 23788
23454 23788
23438 23788
23428 23788
23656 23788
23551 23788
23647 23788
23480 23788
23690 23788
23424 23788
23374 23788
23506 23788
23766 23788
23560 23788
23470 23788
23206 23788
23437 23788
23459 23788
23900 23900
23524 23900
23516 23900
23307 23900
23285 23900
23614 23900
23316 23900
23581 23900
23635 23900
23336 23900
23562 23900
23741 23900
23587 23900
23459 23900
23362 23900
23788 23900
23422 23900
23655 23900
23610 23900
23545 23900
23661 23900
23927 23927
23587 23927
23444 23927
23651 23927
23640 23927
23582 23927
23272 23927
23448 23927
23531 23927
23440 23927
23618 23927
23485 23927
23627 23927
23588 23927
23466 23927
23456 23927
23706 23927
23742 23927
23611 23927
23690 23927
23781 23927
23567 23927
23718 23927
23547 23927
23569 23927
23715 23927
23656 23927
23766 23927
23417 23927
23656 23927
23900 23927
23766 23927
23766 23927
23417 23927
23543 23927
23405 23927
23694 23927
23621 23927
23571 23927
23597 23927
23468 23927
23651 23927
23623 23927
23494 23927
23626 23927
23729 23927
23454 23927
23616 23927
23258 23927
23782 23927
23675 23927
23867 23927
23633 23927
23491 23927
23704 23927
23883 23927
23551 23927
23906 23927
23694 23927
23704 23927
23652 23927
23743 23927
23751 23927
23776 23927
23540 23927
23788 23927
23627 23927
23762 23927
23623 23927
23718 23927
23715 23927
23764 23927
23655 23927
23606 23927
23828 23927
23766 23927
23551 23927
23571 23927
23849 23927
23655 23927
23525 23927
23631 23927
23640 23927
23671 23927
23690 23927
23610 23927
23718 23927
23768 23927
23829 23927
23692 23927
23781 23927
23850 23927
23578 23927
23591 23927
23690 23927
23638 23927
23686 23927
23766 23927
23785 23927
23761 23927
23790 23927
23686 23927
23719 23927
23710 23927
23861 23927
23729 23927
23720 23927
23763 23927
23735 23927
23754 23927
23626 23927
23696 23927
23859 23927
23637 23927
23852 23927
23807 23927
23761 23927
23553 23927
23626 23927
23796 23927
23665 23927
23863 23927
23739 23927
23807 23927
23720 23927
23730 23927
23545 23927
23810 23927
23776 23927
23687 23927
23829 23927
23819 23927
23609 23927
23648 23927
23874 23927
23829 23927
23764 23927
23905 23927
23804 23927
23790 23927
23829 23927
23696 23927
23538 23927
23789 23927
23771 23927
23777 23927
23651 23927
23744 23927
23864 23927
23872 23927
23761 23927
23744 23927
23706 23927
23901 23927
23764 23927
23719 23927
23677 23927
23686 23927
23742 23927
23657 23927
23735 23927
24032 24032
23765 24032
23814 24032
23868 24032
23774 24032
23691 24032
23729 24032
23637 24032
23828 24032
23764 24032
23672 24032
23565 24032
23719 24032
23611 24032
23743 24032
23569 24032
23828 24032
23965 24032
23811 24032
23852 24032
23719 24032
23793 24032
23579 24032
23871 24032
23881 24032
23915 24032
23761 24032
23889 24032
23751 24032
23875 24032
23873 24032
23515 24032
23650 24032
23740 24032
23899 24032
23893 24032
23850 24032
23748 24032
23753 24032
23673 24032
23969 24032
23726 24032
23706 24032
23955 24032
23872 24032
23800 24032
23851 24032
23859 24032
23860 24032
23831 24032
23829 24032
23764 24032
23728 24032
23940 24032
23958 24032
23801 24032
23872 24032
23861 24032
23793 24032
23564 24032
23969 24032
23839 24032
23899 24032
23797 24032
23774 24032
23834 24032
23646 24032
23952 24032
23850 24032
23702 24032
23665 24032
23808 24032
23583 24032
23969 24032
23904 24032
23945 24032
23881 24032
23872 24032
23860 24032
23758 24032
23802 24032
23910 24032
23904 24032
23958 24032
23897 24032
23816 24032
23893 24032
23831 24032
23856 24032
23768 24032
23953 24032
23871 24032
23752 24032
23830 24032
23940 24032
23848 24032
23828 24032
23805 24032
23876 24032
23885 24032
23791 24032
23891 24032
23854 24032
23996 24032
23969 24032
23908 24032
23789 24032
23693 24032
23811 24032
23899 24032
23862 24032
23957 24032
23758 24032
23900 24032
23925 24032
23997 24032
23825 24032
24032 24032
23820 24032
23877 24032
23875 24032
23759 24032
23871 24032
23695 24032
23938 24032
23558 24032
23888 24032
23843 24032
23882 24032
23903 24032
24055 24055
23969 24055
23780 24055
23996 24055
23805 24055
23945 24055
23941 24055
23989 24055
23923 24055
23887 24055
23996 24055
23710 24055
23893 24055
23968 24055
23932 24055
23937 24055
23953 24055
23672 24055
24050 24055
24041 24055
23978 24055
23892 24055
24013 24055
23863 24055
23915 24055
23900 24055
23895 24055
23979 24055
23940 24055
24058 24058
23916 24058
23829 24058
23882 24058
24011 24058
23932 24058
23921 24058
23986 24058
23868 24058
23990 24058
23944 24058
24024 24058
23907 24058
23895 24058
23983 24058
23910 24058
23925 24058
23871 24058
23816 24058
23935 24058
23809 24058
23878 24058
23970 24058
23912 24058
23888 24058
23870 24058
23876 24058
23983 24058
23963 24058
23893 24058
23919 24058
23775 24058
23897 24058
23640 24058
23906 24058
23893 24058
24028 24058
23967 24058
23926 24058
23982 24058
24091 24091
23948 24091
23938 24091
24021 24091
23928 24091
23941 24091
23861 24091
23945 24091
23962 24091
23847 24091
23935 24091
23954 24091
24016 24091
23888 24091
23981 24091
23932 24091
23996 24091
23937 24091
24036 24091
24009 24091
23868 24091
23923 24091
23809 24091
23948 24091
23895 24091
23937 24091
24015 24091
23937 24091
23931 24091
24020 24091
23846 24091
23990 24091
23947 24091
23800 24091
23913 24091
23923 24091
23952 24091
23944 24091
24026 24091
24050 24091
23923 24091
23919 24091
24045 24091
23998 24091
24041 24091
23989 24091
23961 24091
23991 24091
23963 24091
23857 24091
23882 24091
23968 24091
23963 24091
23851 24091
23986 24091
23988 24091
24086 24091
23902 24091
23952 24091
23943 24091
24044 24091
23939 24091
24130 24130
23965 24130
23937 24130
24098 24130
23937 24130
24013 24130
23912 24130
23931 24130
24026 24130
23976 24130
23969 24130
23926 24130
23998 24130
24020 24130
24207 24207
24074 24207
23972 24207
23988 24207
24057 24207
23906 24207
24022 24207
24113 24207
23935 24207
24090 24207
23992 24207
24092 24207
23988 24207
24020 24207
24154 24207
23915 24207
23964 24207
24050 24207
24021 24207
23887 24207
24091 24207
24110 24207
24052 24207
23978 24207
23931 24207
23912 24207
23957 24207
24003 24207
23974 24207
23979 24207
23959 24207
23960 24207
23931 24207
23949 24207
24026 24207
24050 24207
24051 24207
23889 24207
24020 24207
24015 24207
23939 24207
24130 24207
24027 24207
23908 24207
23986 24207
24071 24207
24103 24207
24061 24207
23965 24207
24195 24207
24050 24207
24013 24207
23791 24207
24059 24207
24154 24207
24033 24207
24078 24207
23980 24207
24026 24207
24058 24207
23998 24207
23986 24207
24052 24207
24050 24207
24179 24207
24032 24207
24079 24207
23903 24207
23919 24207
24040 24207
24018 24207
24055 24207
23973 24207
23905 24207
24141 24207
24020 24207
24152 24207
24011 24207
24110 24207
24144 24207
24104 24207
24064 24207
23949 24207
24064 24207
24041 24207
24127 24207
24100 24207
24207 24207
24057 24207
24092 24207
24193 24207
24055 24207
24218 24218
23856 24218
23944 24218
23897 24218
23903 24218
23929 24218
24131 24218
24137 24218
24059 24218
24048 24218
24180 24218
24110 24218
24176 24218
23946 24218
24176 24218
24173 24218
24058 24218
23939 24218
24212 24218
24056 24218
23972 24218
24000 24218
24160 24218
24116 24218
24064 24218
24127 24218
23944 24218
23999 24218
24196 24218
24104 24218
23968 24218
24066 24218
24071 24218
24160 24218
24057 24218
24136 24218
24004 24218
24152 24218
24013 24218
24104 24218
24045 24218
24173 24218
24104 24218
24045 24218
24059 24218
24131 24218
24180 24218
23951 24218
24146 24218
24066 24218
24118 24218
24193 24218
24111 24218
24064 24218
24132 24218
23985 24218
24052 24218
24191 24218
23948 24218
24083 24218
24048 24218
23917 24218
24230 24230
24103 24230
23886 24230
24039 24230
24128 24230
24148 24230
24169 24230
24115 24230
24008 24230
24104 24230
24118 24230
24021 24230
24171 24230
24146 24230
24100 24230
24208 24230
24103 24230
24179 24230
23972 24230
24188 24230
24129 24230
24059 24230
24212 24230
24180 24230
24096 24230
24230 24230
24090 24230
24092 24230
24087 24230
24076 24230
24220 24230
24086 24230
24171 24230
24176 24230
24096 24230
24133 24230
24151 24230
24148 24230
24169 24230
24058 24230
23986 24230
24166 24230
24048 24230
24104 24230
24071 24230
24152 24230
24137 24230
24175 24230
24212 24230
24167 24230
24237 24237
24088 24237
24150 24237
24041 24237
24257 24257
24189 24257
24052 24257
24141 24257
24056 24257
24171 24257
24191 24257
24052 24257
24160 24257
24196 24257
24128 24257
24257 24257
24207 24257
24217 24257
24085 24257
24169 24257
24161 24257
24087 24257
24050 24257
24125 24257
24191 24257
24200 24257
24213 24257
24071 24257
24156 24257
24208 24257
24166 24257
24171 24257
24199 24257
24208 24257
24148 24257
24108 24257
24146 24257
24253 24257
24156 24257
24172 24257
24128 24257
24203 24257
24127 24257
24200 24257
24206 24257
24133 24257
24119 24257
24201 24257
24257 24257
24176 24257
24121 24257
24088 24257
24155 24257
24217 24257
24196 24257
24182 24257
24147 24257
24179 24257
24192 24257
24174 24257
24138 24257
24161 24257
23977 24257
24134 24257
24180 24257
24080 24257
24129 24257
24115 24257
24110 24257
24166 24257
24168 24257
24174 24257
24085 24257
24130 24257
24095 24257
24182 24257
24252 24257
24049 24257
24158 24257
24087 24257
24165 24257
24146 24257
24108 24257
24141 24257
24257 24257
24077 24257
24125 24257
24154 24257
24214 24257
24095 24257
24128 24257
24170 24257
24241 24257
24103 24257
24266 24266
24103 24266
24228 24266
24244 24266
24205 24266
24083 24266
24201 24266
24219 24266
24240 24266
24133 24266
24257 24266
24175 24266
24191 24266
24277 24277
24162 24277
24179 24277
24171 24277
24106 24277
24201 24277
24153 24277
24222 24277
24107 24277
24207 24277
24179 24277
24263 24277
24278 24278
24274 24278
24108 24278
24182 24278
24102 24278
24103 24278
24186 24278
24258 24278
24121 24278
24152 24278
24168 24278
24227 24278
24133 24278
24185 24278
24215 24278
24198 24278
24202 24278
24182 24278
24273 24278
24192 24278
24244 24278
24113 24278
24301 24301
24297 24301
24201 24301
24127 24301
24118 24301
24146 24301
24207 24301
24168 24301
24222 24301
24155 24301
24163 24301
24193 24301
24132 24301
24043 24301
24127 24301
24250 24301
24279 24301
24179 24301
24212 24301
24201 24301
24216 24301
24169 24301
24146 24301
24179 24301
24144 24301
24186 24301
24195 24301
24151 24301
24245 24301
24199 24301
24257 24301
24089 24301
24183 24301
24214 24301
24219 24301
24168 24301
24265 24301
24220 24301
24140 24301
24288 24301
24054 24301
24073 24301
24092 24301
24102 24301
24295 24301
24194 24301
24243 24301
24251 24301
24106 24301
24110 24301
24103 24301
24164 24301
24298 24301
24180 24301
24225 24301
24182 24301
24252 24301
24253 24301
24253 24301
24182 24301
24223 24301
24244 24301
24202 24301
24208 24301
24143 24301
24225 24301
24221 24301
24197 24301
24259 24301
24151 24301
24215 24301
24287 24301
24231 24301
24246 24301
24071 24301
24191 24301
24212 24301
24263 24301
24244 24301
24194 24301
24219 24301
24142 24301
24189 24301
24145 24301
24250 24301
24273 24301
24221 24301
24191 24301
24244 24301
24217 24301
24251 24301
24218 24301
24094 24301
24330 24330
24302 24330
24183 24330
24212 24330
24127 24330
24182 24330
24193 24330
24225 24330
24193 24330
24270 24330
24210 24330
24101 24330
24269 24330
24179 24330
24128 24330
24198 24330
24165 24330
24166 24330
24254 24330
24123 24330
24259 24330
24223 24330
24250 24330
24304 24330
24231 24330
24167 24330
24372 24372
24221 24372
24191 24372
24143 24372
24251 24372
24209 24372
24221 24372
24270 24372
24244 24372
24168 24372
24205 24372
24229 24372
24236 24372
24254 24372
24265 24372
24188 24372
24270 24372
24163 24372
24159 24372
24198 24372
24145 24372
24200 24372
24152 24372
24222 24372
24234 24372
24244 24372
24250 24372
24142 24372
24243 24372
24175 24372
24176 24372
24163 24372
24225 24372
24244 24372
24320 24372
24282 24372
24287 24372
24189 24372
24188 24372
24105 24372
24314 24372
24258 24372
24244 24372
24186 24372
24262 24372
24235 24372
24253 24372
24194 24372
24277 24372
24263 24372
24225 24372
24231 24372
24161 24372
24176 24372
24223 24372
24188 24372
24244 24372
24213 24372
24307 24372
24277 24372
24217 24372
24263 24372
24166 24372
24221 24372
24176 24372
24342 24372
24216 24372
24222 24372
24139 24372
24249 24372
24257 24372
24177 24372
24262 24372
24265 24372
24167 24372
24261 24372
24318 24372
24154 24372
24277 24372
24338 24372
24289 24372
24153 24372
24199 24372
24265 24372
24306 24372
24301 24372
24207 24372
24231 24372
24220 24372
24266 24372
24251 24372
24206 24372
24211 24372
24185 24372
24223 24372
24239 24372
24168 24372
24316 24372
24265 24372
24284 24372
24234 24372
24258 24372
24190 24372
24211 24372
24217 24372
24127 24372
24316 24372
24277 24372
24352 24372
24262 24372
24262 24372
24175 24372
24274 24372
24314 24372
24265 24372
24314 24372
24386 24386
24341 24386
24232 24386
24235 24386
24323 24386
24240 24386
24249 24386
24294 24386
24233 24386
24318 24386
24270 24386
24239 24386
24293 24386
24224 24386
24352 24386
24237 24386
24306 24386
24324 24386
24249 24386
24350 24386
24298 24386
24313 24386
24258 24386
24222 24386
24289 24386
24238 24386
24263 24386
24302 24386
24340 24386
24279 24386
24352 24386
24263 24386
24222 24386
24306 24386
24242 24386
24241 24386
24214 24386
24254 24386
24178 24386
24279 24386
24261 24386
24280 24386
24295 24386
24348 24386
24283 24386
24129 24386
24290 24386
24187 24386
24269 24386
24208 24386
24290 24386
24258 24386
24388 24388
24317 24388
24267 24388
24262 24388
24153 24388
24184 24388
24220 24388
24297 24388
24272 24388
24340 24388
24334 24388
24331 24388
24291 24388
24266 24388
24300 24388
24244 24388
24283 24388
24307 24388
24352 24388
24283 24388
24347 24388
24311 24388
24313 24388
24351 24388
24229 24388
24380 24388
24256 24388
24265 24388
24246 24388
24288 24388
24302 24388
24238 24388
24270 24388
24362 24388
24258 24388
24209 24388
24207 24388
24265 24388
24303 24388
24230 24388
24264 24388
24299 24388
24347 24388
24299 24388
24254 24388
24350 24388
24300 24388
24274 24388
24306 24388
24254 24388
24285 24388
24308 24388
24321 24388
24350 24388
24388 24388
24287 24388
24285 24388
24340 24388
24352 24388
24386 24388
24291 24388
24306 24388
24285 24388
24262 24388
24323 24388
24332 24388
24364 24388
24287 24388
24237 24388
24380 24388
24352 24388
24307 24388
24352 24388
24358 24388
24265 24388
24335 24388
24314 24388
24339 24388
24315 24388
24288 24388
24366 24388
24300 24388
24343 24388
24245 24388
24350 24388
24352 24388
24295 24388
24281 24388
24223 24388
24285 24388
24294 24388
24338 24388
24321 24388
24286 24388
24362 24388
24388 24388
24260 24388
24341 24388
24265 24388
24265 24388
24316 24388
24317 24388
24301 24388
24301 24388
24257 24388
24386 24388
24332 24388
24365 24388
24187 24388
24283 24388
24383 24388
24251 24388
24261 24388
24389 24389
24344 24389
24345 24389
24259 24389
24327 24389
24321 24389
24274 24389
24361 24389
24280 24389
24324 24389
24230 24389
24417 24417
24291 24417
24416 24417
24309 24417
24328 24417
24267 24417
24232 24417
24321 24417
24389 24417
24289 24417
24337 24417
24352 24417
24286 24417
24366 24417
24344 24417
24361 24417
24293 24417
24357 24417
24313 24417
24320 24417
24334 24417
24303 24417
24328 24417
24351 24417
24315 24417
24339 24417
24331 24417
24329 24417
24330 24417
24360 24417
24323 24417
24315 24417
24369 24417
24374 24417
24330 24417
24344 24417
24278 24417
24341 24417
24337 24417
24333 24417
24352 24417
24369 24417
24335 24417
24341 24417
24371 24417
24286 24417
24281 24417
24307 24417
24358 24417
24328 24417
24376 24417
24334 24417
24425 24425
24389 24425
24293 24425
24350 24425
24313 24425
24245 24425
24372 24425
24310 24425
24371 24425
24367 24425
24371 24425
24316 24425
24379 24425
24350 24425
24372 24425
24350 24425
24292 24425
24405 24425
24369 24425
24428 24428
24344 24428
24326 24428
24371 24428
24313 24428
24348 24428
24344 24428
24326 24428
24319 24428
24298 24428
24308 24428
24396 24428
24319 24428
24356 24428
24440 24440
24375 24440
24344 24440
24353 24440
24380 24440
24387 24440
24341 24440
24344 24440
24338 24440
24312 24440
24286 24440
24367 24440
24334 24440
24374 24440
24330 24440
24416 24440
24345 24440
24378 24440
24359 24440
24332 24440
24383 24440
24359 24440
24395 24440
24364 24440
24337 24440
24363 24440
24321 24440
24314 24440
24374 24440
24274 24440
24304 24440
24293 24440
24340 24440
24281 24440
24361 24440
24338 24440
24360 24440
24363 24440
24334 24440
24367 24440
24355 24440
24345 24440
24349 24440
24383 24440
24373 24440
24351 24440
24377 24440
24378 24440
24333 24440
24391 24440
24380 24440
24396 24440
24374 24440
24342 24440
24363 24440
24341 24440
24321 24440
24404 24440
24375 24440
24361 24440
24366 24440
24364 24440
24386 24440
24375 24440
24375 24440
24392 24440
24387 24440
24400 24440
24336 24440
24410 24440
24359 24440
24363 24440
24375 24440
24301 24440
24322 24440
24327 24440
24345 24440
24317 24440
24329 24440
24319 24440
24463 24463
24323 24463
24299 24463
24354 24463
24375 24463
24366 24463
24385 24463
24387 24463
24401 24463
24356 24463
24366 24463
24311 24463
24375 24463
24387 24463
24348 24463
24365 24463
24340 24463
24395 24463
24383 24463
24328 24463
24385 24463
24365 24463
24375 24463
24364 24463
24393 24463
24413 24463
24357 24463
24383 24463
24387 24463
24369 24463
24340 24463
24364 24463
24367 24463
24328 24463
24379 24463
24386 24463
24335 24463
24408 24463
24399 24463
24432 24463
24352 24463
24322 24463
24375 24463
24319 24463
24393 24463
24343 24463
24341 24463
24420 24463
24282 24463
24341 24463
24392 24463
24436 24463
24400 24463
24380 24463
24442 24463
24384 24463
24316 24463
24420 24463
24367 24463
24386 24463
24368 24463
24327 24463
24404 24463
24398 24463
24354 24463
24423 24463
24424 24463
24415 24463
24405 24463
24371 24463
24375 24463
24402 24463
24458 24463
24361 24463
24335 24463
24392 24463
24401 24463
24370 24463
24386 24463
24402 24463
24420 24463
24332 24463
24328 24463
24371 24463
24416 24463
24419 24463
24463 24463
24400 24463
24369 24463
24405 24463
24402 24463
24385 24463
24393 24463
24377 24463
24442 24463
24364 24463
24370 24463
24397 24463
24383 24463
24358 24463
24391 24463
24404 24463
24428 24463
24443 24463
24315 24463
24406 24463
24383 24463
24372 24463
24435 24463
24385 24463
24411 24463
24413 24463
24398 24463
24458 24463
24422 24463
24395 24463
24376 24463
24325 24463
24420 24463
24390 24463
24423 24463
24462 24463
24450 24463
24324 24463
24393 24463
24413 24463
24374 24463
24375 24463
24400 24463
24366 24463
24423 24463
24417 24463
24407 24463
24420 24463
24392 24463
24413 24463
24395 24463
24417 24463
24419 24463
24440 24463
24403 24463
24378 24463
24389 24463
24395 24463
24429 24463
24386 24463
24391 24463
24381 24463
24334 24463
24410 24463
24416 24463
24392 24463
24352 24463
24360 24463
24422 24463
24348 24463
24410 24463
24427 24463
24434 24463
24473 24473
24356 24473
24479 24479
24402 24479
24398 24479
24385 24479
24441 24479
24422 24479
24407 24479
24478 24479
24405 24479
24427 24479
24358 24479
24400 24479
24433 24479
24402 24479
24449 24479
24434 24479
24388 24479
24458 24479
24392 24479
24458 24479
24399 24479
24417 24479
24393 24479
24384 24479
24400 24479
24404 24479
24439 24479
24407 24479
24418 24479
24403 24479
24446 24479
24458 24479
24364 24479
24417 24479
24424 24479
24425 24479
24478 24479
24478 24479
24434 24479
24384 24479
24408 24479
24485 24485
24342 24485
24402 24485
24431 24485
24447 24485
24408 24485
24417 24485
24476 24485
24473 24485
24449 24485
24479 24485
24424 24485
24403 24485
24425 24485
24430 24485
24427 24485
24383 24485
24440 24485
24368 24485
24444 24485
24426 24485
24427 24485
24410 24485
24458 24485
24437 24485
24434 24485
24432 24485
24394 24485
24425 24485
24405 24485
24422 24485
24411 24485
24466 24485
24439 24485
24379 24485
24410 24485
24410 24485
24424 24485
24446 24485
24496 24496
24388 24496
24470 24496
24432 24496
24438 24496
24473 24496
24419 24496
24404 24496
24467 24496
24450 24496
24352 24496
24406 24496
24438 24496
24384 24496
24454 24496
24466 24496
24468 24496
24454 24496
24411 24496
24479 24496
24395 24496
24483 24496
24411 24496
24426 24496
24454 24496
24434 24496
24401 24496
24429 24496
24439 24496
24446 24496
24439 24496
24440 24496
24409 24496
24427 24496
24427 24496
24434 24496
24432 24496
24459 24496
24435 24496
24471 24496
24467 24496
24473 24496
24444 24496
24454 24496
24501 24501
24473 24501
24402 24501
24463 24501
24458 24501
24420 24501
24459 24501
24459 24501
24449 24501
24375 24501
24435 24501
24474 24501
24444 24501
24439 24501
24435 24501
24476 24501
24442 24501
24425 24501
24424 24501
24427 24501
24464 24501
24435 24501
24473 24501
24487 24501
24426 24501
24469 24501
24486 24501
24452 24501
24446 24501
24434 24501
24498 24501
24401 24501
24487 24501
24458 24501
24455 24501
24499 24501
24464 24501
24442 24501
24459 24501
24446 24501
24460 24501
24433 24501
24455 24501
24465 24501
24475 24501
24483 24501
24433 24501
24381 24501
24459 24501
24461 24501
24463 24501
24435 24501
24455 24501
24467 24501
24476 24501
24446 24501
24476 24501
24486 24501
24430 24501
24470 24501
24444 24501
24467 24501
24437 24501
24384 24501
24485 24501
24467 24501
24474 24501
24483 24501
24450 24501
24482 24501
24428 24501
24468 24501
24455 24501
24473 24501
24502 24502
24462 24502
24464 24502
24412 24502
24442 24502
24487 24502
24429 24502
24482 24502
24434 24502
24473 24502
24442 24502
24463 24502
24467 24502
24448 24502
24467 24502
24435 24502
24420 24502
24465 24502
24517 24517
24450 24517
24493 24517
24482 24517
24481 24517
24464 24517
24450 24517
24491 24517
24476 24517
24466 24517
24467 24517
24475 24517
24460 24517
24466 24517
24443 24517
24446 24517
24485 24517
24424 24517
24475 24517
24509 24517
24475 24517
24463 24517
24466 24517
24475 24517
24476 24517
24480 24517
24504 24517
24496 24517
24459 24517
24471 24517
24461 24517
24475 24517
24428 24517
24477 24517
24455 24517
24453 24517
24453 24517
24448 24517
24481 24517
24465 24517
24468 24517
24493 24517
24450 24517
24475 24517
24474 24517
24490 24517
24493 24517
24467 24517
24455 24517
24455 24517
24457 24517
24509 24517
24443 24517
24484 24517
24459 24517
24457 24517
24483 24517
24468 24517
24482 24517
24451 24517
24434 24517
24500 24517
24495 24517
24481 24517
24481 24517
24455 24517
24472 24517
24482 24517
24497 24517
24460 24517
24482 24517
24471 24517
24536 24536
24512 24536
24418 24536
24498 24536
24467 24536
24503 24536
24474 24536
24471 24536
24464 24536
24479 24536
24509 24536
24475 24536
24484 24536
24471 24536
24491 24536
24500 24536
24482 24536
24465 24536
24474 24536
24458 24536
24455 24536
24491 24536
24502 24536
24391 24536
24456 24536
24465 24536
24449 24536
24461 24536
24502 24536
24465 24536
24460 24536
24465 24536
24461 24536
24503 24536
24468 24536
24466 24536
24496 24536
24492 24536
24491 24536
24495 24536
24509 24536
24493 24536
24496 24536
24519 24536
24478 24536
24499 24536
24468 24536
24495 24536
24472 24536
24502 24536
24503 24536
24487 24536
24466 24536
24498 24536
24466 24536
24481 24536
24447 24536
24518 24536
24500 24536
24455 24536
24519 24536
24510 24536
24469 24536
24507 24536
24481 24536
24451 24536
24531 24536
24484 24536
24471 24536
24482 24536
24482 24536
24491 24536
24505 24536
24521 24536
24499 24536
24482 24536
24474 24536
24516 24536
24484 24536
24491 24536
24474 24536
24466 24536
24482 24536
24503 24536
24447 24536
24482 24536
24477 24536
24454 24536
24466 24536
24465 24536
24475 24536
24488 24536
24476 24536
24521 24536
24495 24536
24482 24536
24502 24536
24488 24536
24491 24536
24497 24536
24502 24536
24468 24536
24479 24536
24443 24536
24500 24536
24465 24536
24561 24561
24470 24561
24503 24561
24508 24561
24512 24561
24498 24561
24510 24561
24472 24561
24561 24561
24482 24561
24514 24561
24508 24561
24548 24561
24489 24561
24535 24561
24470 24561
24561 24561
24507 24561
24483 24561
24475 24561
24479 24561
24499 24561
24518 24561
24502 24561
24516 24561
24538 24561
24469 24561
24500 24561
24503 24561
24471 24561
24501 24561
24503 24561
24450 24561
24507 24561
24496 24561
24470 24561
24509 24561
24515 24561
24447 24561
24485 24561
24486 24561
24518 24561
24515 24561
24517 24561
24511 24561
24519 24561
24477 24561
24471 24561
24526 24561
24502 24561
24468 24561
24497 24561
24508 24561
24498 24561
24527 24561
24516 24561
24516 24561
24499 24561
24522 24561
24479 24561
24507 24561
24501 24561
24531 24561
24503 24561
24498 24561
24503 24561
24476 24561
24487 24561
24540 24561
24561 24561
24490 24561
24521 24561
24509 24561
24489 24561
24544 24561
24516 24561
24560 24561
24522 24561
24502 24561
24516 24561
24544 24561
24500 24561
24542 24561
24531 24561
24492 24561
24495 24561
24522 24561
24501 24561
24486 24561
24478 24561
24542 24561
24522 24561
24518 24561
24516 24561
24550 24561
24502 24561
24539 24561
24502 24561
24508 24561
24505 24561
24518 24561
24486 24561
24528 24561
24561 24561
24512 24561
24499 24561
24512 24561
24535 24561
24513 24561
24567 24567
24479 24567
24545 24567
24525 24567
24545 24567
24540 24567
24522 24567
24561 24567
24494 24567
24534 24567
24504 24567
24501 24567
24538 24567
24552 24567
24511 24567
24547 24567
24530 24567
24538 24567
24497 24567
24503 24567
24545 24567
24557 24567
24515 24567
24518 24567
24540 24567
24536 24567
24522 24567
24503 24567
24537 24567
24510 24567
24497 24567
24505 24567
24544 24567
24534 24567
24502 24567
24568 24568
24538 24568
24497 24568
24532 24568
24555 24568
24534 24568
24541 24568
24513 24568
24482 24568
24566 24568
24539 24568
24514 24568
24558 24568
24534 24568
24545 24568
24550 24568
24475 24568
24521 24568
24556 24568
24564 24568
24526 24568
24521 24568
24520 24568
24540 24568
24487 24568
24540 24568
24546 24568
24555 24568
24542 24568
24545 24568
24515 24568
24516 24568
24509 24568
24542 24568
24517 24568
24488 24568
24510 24568
24547 24568
24538 24568
24543 24568
24546 24568
24503 24568
24557 24568
24561 24568
24516 24568
24541 24568
24549 24568
24522 24568
24565 24568
24568 24568
24550 24568
24504 24568
24564 24568
24485 24568
24539 24568
24561 24568
24569 24569
24549 24569
24567 24569
24542 24569
24546 24569
24536 24569
24566 24569
24500 24569
24537 24569
24540 24569
24559 24569
24549 24569
24565 24569
24515 24569
24568 24569
24514 24569
24506 24569
24550 24569
24542 24569
24514 24569
24540 24569
24499 24569
24552 24569
24501 24569
24575 24575
24559 24575
24549 24575
24561 24575
24560 24575
24563 24575
24563 24575
24550 24575
24542 24575
24539 24575
24556 24575
24515 24575
24545 24575
24564 24575
24559 24575
24549 24575
24565 24575
24547 24575
24542 24575
24565 24575
24546 24575
24547 24575
24571 24575
24559 24575
24559 24575
24535 24575
24562 24575
24552 24575
24553 24575
24541 24575
24563 24575
24566 24575
24562 24575
24528 24575
24553 24575
24569 24575
24558 24575
24572 24575
24520 24575
24573 24575
24565 24575
24558 24575
24568 24575
24540 24575
24575 24575
24557 24575
24541 24575
24555 24575
24565 24575
24558 24575
24562 24575
24550 24575
24560 24575
24512 24575
24568 24575
24556 24575
24536 24575
24515 24575
24575 24575
24546 24575
24483 24575
24573 24575
24578 24578
24537 24578
24568 24578
24556 24578
24552 24578
24578 24578
24559 24578
24557 24578
24552 24578
24567 24578
24530 24578
24564 24578
24542 24578
24554 24578
24555 24578
24583 24583
24568 24583
24564 24583
24523 24583
24561 24583
24564 24583
24564 24583
24580 24583
24570 24583
24557 24583
24548 24583
24535 24583
24559 24583
24557 24583
24570 24583
24535 24583
24580 24583
24564 24583
24572 24583
24549 24583
24577 24583
24568 24583
24546 24583
24549 24583
24560 24583
24540 24583
24556 24583
24584 24584
24537 24584
24557 24584
24564 24584
24538 24584
24575 24584
24551 24584
24575 24584
24538 24584
24562 24584
24571 24584
24566 24584
24563 24584
24545 24584
24570 24584
24558 24584
24536 24584
24561 24584
24566 24584
24552 24584
24541 24584
24578 24584
24562 24584
24592 24592
24561 24592
24547 24592
24568 24592
24554 24592
24540 24592
24563 24592
24555 24592
24575 24592
24561 24592
24568 24592
24551 24592
24548 24592
24595 24595
24587 24595
24564 24595
24560 24595
24570 24595
24566 24595
24561 24595
24569 24595
24576 24595
24561 24595
24591 24595
24564 24595
24554 24595
24568 24595
24541 24595
24560 24595
24564 24595
24564 24595
24554 24595
24577 24595
24575 24595
24561 24595
24579 24595
24557 24595
24575 24595
24539 24595
24574 24595
24572 24595
24570 24595
24556 24595
24558 24595
24568 24595
24563 24595
24570 24595
24577 24595
24575 24595
24583 24595
24575 24595
24556 24595
24563 24595
24561 24595
24583 24595
24558 24595
24597 24597
24571 24597
24564 24597
24563 24597
24540 24597
24562 24597
24545 24597
24550 24597
24556 24597
24568 24597
24569 24597
24542 24597
24557 24597
24556 24597
24551 24597
