21173 21173
21234 21234
21234 21234
21270 21270
21296 21296
21314 21314
21333 21333
21373 21373
21440 21440
21456 21456
21463 21463
21477 21477
21486 21486
21542 21542
21582 21582
21628 21628
21659 21659
21700 21700
21741 21741
21745 21745
21763 21763
21778 21778
21818 21818
21894 21894
21980 21980
22027 22027
22058 22058
22088 22088
22098 22098
22110 22110
22126 22126
22165 22165
22182 22182
22195 22195
22230 22230
22278 22278
22326 22326
22355 22355
22380 22380
22403 22403
22436 22436
22470 22470
22517 22517
22555 22555
22590 22590
22592 22592
22604 22604
22642 22642
22692 22692
22695 22695
22707 22707
22736 22736
22764 22764
22780 22780
22817 22817
22834 22834
22852 22852
22854 22854
22897 22897
22946 22946
22975 22975
22977 22977
22984 22984
22986 22986
23022 23022
23036 23036
23047 23047
23091 23091
23108 23108
23144 23144
23175 23175
23199 23199
23209 23209
23234 23234
23275 23275
23307 23307
23326 23326
23348 23348
23362 23362
23383 23383
23401 23401
23456 23456
23495 23495
23519 23519
23549 23549
23584 23584
23592 23592
23630 23630
23661 23661
23685 23685
23712 23712
23736 23736
23747 23747
23761 23761
23774 23774
23801 23801
23822 23822
23823 23823
23855 23855
23873 23873
23902 23902
23918 23918
23956 23956
23988 23988
23999 23999
24002 24002
24016 24016
24044 24044
24063 24063
24092 24092
24099 24099
24118 24118
24132 24132
24137 24137
24149 24149
24168 24168
24173 24173
24176 24176
24193 24193
24201 24201
24211 24211
24235 24235
24236 24236
24249 24249
24253 24253
24267 24267
24270 24270
24271 24271
24279 24279
24298 24298
24314 24314
24335 24335
24336 24336
24350 24350
24353 24353
24364 24364
24367 24367
24378 24378
24394 24394
24395 24395
24404 24404
24414 24414
24415 24415
24416 24416
24417 24417
24427 24427
24439 24439
24447 24447
24448 24448
24449 24449
24451 24451
24452 24452
24453 24453
24467 24467
24478 24478
24497 24497
24516 24516
24533 24533
24536 24536
24545 24545
24548 24548
24563 24563
24564 24564
24566 24566
24568 24568
24582 24582
24593 24593
24594 24594
24604 24604
24615 24615
24620 24620
24621 24621
24629 24629
24636 24636
24637 24637
24638 24638
24639 24639
24640 24640
24646 24646
24649 24649
24650 24650
24657 24657
24658 24658
24664 24664
24672 24672
24673 24673
24680 24680
24681 24681
24688 24688
24689 24689
24691 24691
24692 24692
24693 24693
24697 24697
24698 24698
24699 24699
24701 24701
24703 24703
24711 24711
24712 24712
24713 24713
24714 24714
24715 24715
24716 24716
24717 24717
24719 24719
24720 24720
24724 24724
24725 24725
24727 24727
24728 24728
24729 24729
24733 24733
24734 24734
24735 24735
24736 24736
24737 24737
24738 24738
24739 24739
24740 24740
24741 24741
24742 24742
24744 24744
24746 24746
24748 24748
24749 24749
24750 24750
21481 24750
21481 24750
21492 24750
21547 24750
21562 24750
21597 24750
21639 24750
21705 24750
21748 24750
21787 24750
21820 24750
21852 24750
21864 24750
21888 24750
21956 24750
21990 24750
22003 24750
22008 24750
22067 24750
22111 24750
22172 24750
22197 24750
22233 24750
22247 24750
22259 24750
22265 24750
22277 24750
22290 24750
22315 24750
22366 24750
22404 24750
22416 24750
22423 24750
22475 24750
22515 24750
22532 24750
22538 24750
22568 24750
22595 24750
22638 24750
22646 24750
22659 24750
22699 24750
22758 24750
22784 24750
22804 24750
22853 24750
22863 24750
22885 24750
22906 24750
22912 24750
22931 24750
22937 24750
22939 24750
22978 24750
22996 24750
23013 24750
23039 24750
23057 24750
23087 24750
23121 24750
23157 24750
23175 24750
23215 24750
23233 24750
23252 24750
23254 24750
23261 24750
23284 24750
23293 24750
23318 24750
23319 24750
23370 24750
23381 24750
23386 24750
23404 24750
23457 24750
23469 24750
23506 24750
23525 24750
23538 24750
23579 24750
23586 24750
23590 24750
23592 24750
23610 24750
23639 24750
23668 24750
23674 24750
23677 24750
23690 24750
23707 24750
23708 24750
23750 24750
23785 24750
23788 24750
23793 24750
23823 24750
23847 24750
23866 24750
23867 24750
23889 24750
23905 24750
23913 24750
23914 24750
23924 24750
23933 24750
23951 24750
23955 24750
23973 24750
23988 24750
23990 24750
23998 24750
24015 24750
24034 24750
24064 24750
24090 24750
24107 24750
24123 24750
24129 24750
24130 24750
24138 24750
24142 24750
24144 24750
24145 24750
24162 24750
24167 24750
24177 24750
24209 24750
24215 24750
24229 24750
24237 24750
24253 24750
24267 24750
24284 24750
24304 24750
24327 24750
24338 24750
24342 24750
24344 24750
24348 24750
24365 24750
24366 24750
24372 24750
24386 24750
24400 24750
24403 24750
24412 24750
24413 24750
24415 24750
24431 24750
24441 24750
24449 24750
24451 24750
24455 24750
24458 24750
24459 24750
24464 24750
24465 24750
24472 24750
24476 24750
24483 24750
24485 24750
24502 24750
24510 24750
24520 24750
24521 24750
24528 24750
24534 24750
24548 24750
24552 24750
24559 24750
24561 24750
24563 24750
24570 24750
24574 24750
24575 24750
24579 24750
24585 24750
24592 24750
24601 24750
24612 24750
24615 24750
24622 24750
24625 24750
24639 24750
24653 24750
24657 24750
24665 24750
24666 24750
24676 24750
24681 24750
24682 24750
24692 24750
24699 24750
24700 24750
24701 24750
24702 24750
24708 24750
24709 24750
24710 24750
24711 24750
24714 24750
24723 24750
24726 24750
24728 24750
24729 24750
24733 24750
24734 24750
24738 24750
24739 24750
24740 24750
24741 24750
24742 24750
24744 24750
24746 24750
24747 24750
24748 24750
