21173 21173
20373 21173
21264 21264
20437 21264
21228 21264
21388 21388
20808 21388
20847 21388
21125 21388
20496 21388
20728 21388
20682 21388
20105 21388
20438 21388
20978 21388
21687 21687
20505 21687
21001 21687
21741 21741
20467 21741
21065 21741
20685 21741
21644 21741
21420 21741
21235 21741
21264 21741
21670 21741
21729 21741
21393 21741
21192 21741
20640 21741
20930 21741
21828 21828
20930 21828
20767 21828
21305 21828
20439 21828
21729 21828
20649 21828
20095 21828
20844 21828
21032 21828
20981 21828
20829 21828
20930 21828
20951 21828
21177 21828
20955 21828
20796 21828
21064 21828
20286 21828
20916 21828
21208 21828
20251 21828
20438 21828
20442 21828
21068 21828
21159 21828
21464 21828
20830 21828
21073 21828
21036 21828
20895 21828
20531 21828
21880 21880
20568 21880
21490 21880
21307 21880
20323 21880
21082 21880
20278 21880
20395 21880
20643 21880
21214 21880
20567 21880
20606 21880
20947 21880
20697 21880
21436 21880
20793 21880
20896 21880
20860 21880
21623 21880
21109 21880
21353 21880
21693 21880
21706 21880
20398 21880
20471 21880
21129 21880
21475 21880
21140 21880
21536 21880
20086 21880
21747 21880
21399 21880
21297 21880
20332 21880
21635 21880
20837 21880
21114 21880
20929 21880
21200 21880
21484 21880
21616 21880
20968 21880
21505 21880
21520 21880
21265 21880
20727 21880
20263 21880
21948 21948
20113 21948
20771 21948
21283 21948
21371 21948
21096 21948
21266 21948
20871 21948
21206 21948
20301 21948
21600 21948
20330 21948
20894 21948
20762 21948
20707 21948
21158 21948
20841 21948
20649 21948
20699 21948
20769 21948
20839 21948
20340 21948
21187 21948
21277 21948
21395 21948
21699 21948
21207 21948
21425 21948
20284 21948
21559 21948
20973 21948
20984 21948
20762 21948
21128 21948
21072 21948
20710 21948
21424 21948
21210 21948
21111 21948
21567 21948
20432 21948
21315 21948
20698 21948
21235 21948
20867 21948
21210 21948
21212 21948
20793 21948
20963 21948
20993 21948
20974 21948
21511 21948
20361 21948
20395 21948
21122 21948
20689 21948
20781 21948
20849 21948
20918 21948
22000 22000
21369 22000
21163 22000
20196 22000
20828 22000
20709 22000
21275 22000
21754 22000
21752 22000
20892 22000
21104 22000
21128 22000
21592 22000
20644 22000
21188 22000
21185 22000
21013 22000
20898 22000
19879 22000
21477 22000
21354 22000
20717 22000
21222 22000
21586 22000
20247 22000
21157 22000
21804 22000
20946 22000
21355 22000
20704 22000
20855 22000
20679 22000
21468 22000
20979 22000
20537 22000
20954 22000
20235 22000
20950 22000
21412 22000
20275 22000
20281 22000
20658 22000
21017 22000
20989 22000
21067 22000
20889 22000
21414 22000
21246 22000
20828 22000
20687 22000
20745 22000
21450 22000
20920 22000
21282 22000
20852 22000
21069 22000
21158 22000
20470 22000
20897 22000
20816 22000
20410 22000
21286 22000
21762 22000
21385 22000
20554 22000
21383 22000
21008 22000
20906 22000
21783 22000
20529 22000
20372 22000
20763 22000
21167 22000
21222 22000
20942 22000
21091 22000
20819 22000
21053 22000
20905 22000
21371 22000
20471 22000
21110 22000
20944 22000
20377 22000
21045 22000
20918 22000
20649 22000
21534 22000
21382 22000
21185 22000
19927 22000
21136 22000
20800 22000
20406 22000
20658 22000
20894 22000
20857 22000
21079 22000
20950 22000
20334 22000
21713 22000
21243 22000
20247 22000
20687 22000
21029 22000
20839 22000
20454 22000
21064 22000
21045 22000
21482 22000
21016 22000
21426 22000
21579 22000
20683 22000
21389 22000
21149 22000
20306 22000
20977 22000
20786 22000
20915 22000
21527 22000
21300 22000
20726 22000
21212 22000
20629 22000
21750 22000
21242 22000
20987 22000
20352 22000
20729 22000
20311 22000
20674 22000
21472 22000
19993 22000
21567 22000
20015 22000
21267 22000
21148 22000
20868 22000
21490 22000
21167 22000
21092 22000
20446 22000
21829 22000
20499 22000
20836 22000
20245 22000
20599 22000
21658 22000
21348 22000
21146 22000
20426 22000
21409 22000
20637 22000
20922 22000
20978 22000
21158 22000
21074 22000
20500 22000
20750 22000
21662 22000
20561 22000
21716 22000
20925 22000
20089 22000
20913 22000
20853 22000
21556 22000
21579 22000
21008 22000
21756 22000
21456 22000
20760 22000
21872 22000
20453 22000
20354 22000
20325 22000
20789 22000
20895 22000
21471 22000
20569 22000
21144 22000
20774 22000
20625 22000
20909 22000
21343 22000
21160 22000
20716 22000
21345 22000
20306 22000
21566 22000
20980 22000
21174 22000
21395 22000
21003 22000
19919 22000
21165 22000
21211 22000
20855 22000
20904 22000
20529 22000
20401 22000
21338 22000
20981 22000
20417 22000
21437 22000
21070 22000
20976 22000
21989 22000
20624 22000
21749 22000
21228 22000
21822 22000
21178 22000
20540 22000
21381 22000
21487 22000
21107 22000
20786 22000
21521 22000
21698 22000
21174 22000
21441 22000
20584 22000
21353 22000
20051 22000
21539 22000
21331 22000
21745 22000
20292 22000
21353 22000
21321 22000
21023 22000
20410 22000
20462 22000
20512 22000
21014 22000
21100 22000
21569 22000
21570 22000
21061 22000
21427 22000
20647 22000
20592 22000
21593 22000
21304 22000
20897 22000
21314 22000
20327 22000
20591 22000
21220 22000
21022 22000
21474 22000
20550 22000
21183 22000
21119 22000
21158 22000
20515 22000
21067 22000
21026 22000
21151 22000
20978 22000
21377 22000
21075 22000
20512 22000
21575 22000
20887 22000
20445 22000
21068 22000
21422 22000
21154 22000
21196 22000
20657 22000
20299 22000
21160 22000
21208 22000
21289 22000
21364 22000
21442 22000
20506 22000
20637 22000
20435 22000
20687 22000
21311 22000
21189 22000
20609 22000
21320 22000
21020 22000
20975 22000
21037 22000
21035 22000
20931 22000
20971 22000
21312 22000
21254 22000
21373 22000
21300 22000
21805 22000
20747 22000
20915 22000
20762 22000
20401 22000
20590 22000
21220 22000
21341 22000
20614 22000
21197 22000
20841 22000
20929 22000
20833 22000
21458 22000
21655 22000
21090 22000
20927 22000
20974 22000
21458 22000
20498 22000
21430 22000
20786 22000
21152 22000
21136 22000
20677 22000
21079 22000
21051 22000
20620 22000
20990 22000
20546 22000
21066 22000
19963 22000
22051 22051
20697 22051
21350 22051
21113 22051
21744 22051
21498 22051
19816 22051
20972 22051
21104 22051
20803 22051
20222 22051
21259 22051
20855 22051
20810 22051
20780 22051
20373 22051
20997 22051
20728 22051
21314 22051
21766 22051
20860 22051
20934 22051
20392 22051
21064 22051
20903 22051
20479 22051
21931 22051
21158 22051
21053 22051
21190 22051
20944 22051
20951 22051
21371 22051
20992 22051
21514 22051
21435 22051
21081 22051
21459 22051
21829 22051
22122 22122
20510 22122
20459 22122
21077 22122
20662 22122
21080 22122
20621 22122
21112 22122
20936 22122
21917 22122
20931 22122
20706 22122
20495 22122
21178 22122
20789 22122
21626 22122
21624 22122
21279 22122
20012 22122
20465 22122
21379 22122
21322 22122
21093 22122
20817 22122
20872 22122
21715 22122
21342 22122
20122 22122
21300 22122
20934 22122
21128 22122
20657 22122
21043 22122
20401 22122
20711 22122
20476 22122
20870 22122
20959 22122
21309 22122
21132 22122
20951 22122
20833 22122
20810 22122
21324 22122
21474 22122
20021 22122
20269 22122
21181 22122
20464 22122
21050 22122
20786 22122
21020 22122
20831 22122
20719 22122
21893 22122
20777 22122
20778 22122
20336 22122
20409 22122
21937 22122
21181 22122
21659 22122
21943 22122
20928 22122
21852 22122
21281 22122
21498 22122
21069 22122
21439 22122
21220 22122
20678 22122
20600 22122
20442 22122
20942 22122
20867 22122
20851 22122
20373 22122
20199 22122
20373 22122
21314 22122
21409 22122
20903 22122
21503 22122
21092 22122
20805 22122
20988 22122
21908 22122
20879 22122
21158 22122
21200 22122
21291 22122
20558 22122
21132 22122
20862 22122
21229 22122
21253 22122
20927 22122
21072 22122
21362 22122
20601 22122
21846 22122
20829 22122
21112 22122
21304 22122
20864 22122
20992 22122
20394 22122
20912 22122
20870 22122
21605 22122
21070 22122
21321 22122
21097 22122
20541 22122
20758 22122
20887 22122
20192 22122
20793 22122
20783 22122
20831 22122
20266 22122
20729 22122
20522 22122
20246 22122
21460 22122
21048 22122
20713 22122
21626 22122
21300 22122
21299 22122
20244 22122
21326 22122
21358 22122
20401 22122
21641 22122
20579 22122
21302 22122
20754 22122
21143 22122
21371 22122
21325 22122
20833 22122
20623 22122
21725 22122
21038 22122
21113 22122
20879 22122
21259 22122
21096 22122
20465 22122
20786 22122
21452 22122
20842 22122
21099 22122
20559 22122
21475 22122
20512 22122
21511 22122
20970 22122
20648 22122
21108 22122
21622 22122
20620 22122
20741 22122
20584 22122
20809 22122
21498 22122
20613 22122
20883 22122
20572 22122
20861 22122
20716 22122
20116 22122
20027 22122
20523 22122
20738 22122
20373 22122
20585 22122
20633 22122
21314 22122
20792 22122
20795 22122
20272 22122
21747 22122
20680 22122
21213 22122
19807 22122
20164 22122
21158 22122
20870 22122
20628 22122
21198 22122
22025 22122
21713 22122
20360 22122
20931 22122
20645 22122
21673 22122
20099 22122
20628 22122
21422 22122
21403 22122
20614 22122
21595 22122
20999 22122
21469 22122
21558 22122
20701 22122
20599 22122
20252 22122
21070 22122
20258 22122
20743 22122
20623 22122
21139 22122
21070 22122
20518 22122
20903 22122
20817 22122
21307 22122
21264 22122
20457 22122
20344 22122
20644 22122
21779 22122
21284 22122
21142 22122
20619 22122
21300 22122
21419 22122
20489 22122
20822 22122
21358 22122
20401 22122
21691 22122
21785 22122
21409 22122
20610 22122
20320 22122
21326 22122
20649 22122
20833 22122
20620 22122
21548 22122
20813 22122
21426 22122
19818 22122
20758 22122
20626 22122
21196 22122
20786 22122
19944 22122
20890 22122
21580 22122
20881 22122
20351 22122
20837 22122
20729 22122
21114 22122
20983 22122
21268 22122
20494 22122
21707 22122
21475 22122
19492 22122
20567 22122
21498 22122
21090 22122
21309 22122
20164 22122
21319 22122
21235 22122
21497 22122
20875 22122
20837 22122
20421 22122
20373 22122
21355 22122
21005 22122
21314 22122
20683 22122
20908 22122
21928 22122
20694 22122
20680 22122
21444 22122
20674 22122
20359 22122
21158 22122
20987 22122
21912 22122
21198 22122
21492 22122
21287 22122
20756 22122
20250 22122
21507 22122
20743 22122
19998 22122
20717 22122
20511 22122
20549 22122
21148 22122
20468 22122
20888 22122
21594 22122
20638 22122
20537 22122
20869 22122
20943 22122
21070 22122
21530 22122
21968 22122
21027 22122
21245 22122
21503 22122
21394 22122
20458 22122
20606 22122
20704 22122
20631 22122
20885 22122
20966 22122
20644 22122
20782 22122
20685 22122
21262 22122
20796 22122
21300 22122
20710 22122
20648 22122
21213 22122
21358 22122
20401 22122
20361 22122
21890 22122
20683 22122
21442 22122
20889 22122
20822 22122
20665 22122
20833 22122
21132 22122
21673 22122
20950 22122
21092 22122
21686 22122
20830 22122
20831 22122
21679 22122
20786 22122
20705 22122
20880 22122
20844 22122
20888 22122
20783 22122
21223 22122
20629 22122
20925 22122
21767 22122
21388 22122
21121 22122
21135 22122
21424 22122
21033 22122
21319 22122
21498 22122
20671 22122
21033 22122
21036 22122
20080 22122
20223 22122
21440 22122
20939 22122
21367 22122
20724 22122
20373 22122
20644 22122
21373 22122
21314 22122
21087 22122
20397 22122
20762 22122
21105 22122
20680 22122
21223 22122
20718 22122
20640 22122
21158 22122
21419 22122
21070 22122
21198 22122
21067 22122
21114 22122
20967 22122
20390 22122
20818 22122
22029 22122
21170 22122
21522 22122
20811 22122
20652 22122
21114 22122
21019 22122
21616 22122
21775 22122
21761 22122
21083 22122
21660 22122
20559 22122
21070 22122
21036 22122
21073 22122
21473 22122
20800 22122
20956 22122
20960 22122
20582 22122
20520 22122
21800 22122
21233 22122
21470 22122
20792 22122
20644 22122
20589 22122
20827 22122
21354 22122
21407 22122
21300 22122
21046 22122
20945 22122
21557 22122
21358 22122
20401 22122
21165 22122
20151 22122
20472 22122
21460 22122
20848 22122
21213 22122
20858 22122
20833 22122
21282 22122
20835 22122
20562 22122
20740 22122
20718 22122
21175 22122
21119 22122
21373 22122
20786 22122
21141 22122
20975 22122
20219 22122
20366 22122
21102 22122
21607 22122
21186 22122
20493 22122
20800 22122
20938 22122
20954 22122
21129 22122
20511 22122
20715 22122
20294 22122
21498 22122
20672 22122
20782 22122
21584 22122
20885 22122
20853 22122
20950 22122
20803 22122
20997 22122
20954 22122
20373 22122
21406 22122
20655 22122
21314 22122
21135 22122
20716 22122
21297 22122
20972 22122
20680 22122
20820 22122
20969 22122
21075 22122
21158 22122
21351 22122
20169 22122
21198 22122
21199 22122
21257 22122
20677 22122
20699 22122
20801 22122
20880 22122
21142 22122
20898 22122
21360 22122
20451 22122
20617 22122
20509 22122
20717 22122
21919 22122
20557 22122
21074 22122
21442 22122
21186 22122
21070 22122
21472 22122
21388 22122
20711 22122
21197 22122
20962 22122
21396 22122
20844 22122
21391 22122
20800 22122
21651 22122
20668 22122
21199 22122
20644 22122
21849 22122
21700 22122
20976 22122
21197 22122
21300 22122
21805 22122
20784 22122
20654 22122
21358 22122
20401 22122
21195 22122
20911 22122
21294 22122
20556 22122
20185 22122
21557 22122
20842 22122
20833 22122
20739 22122
20692 22122
20592 22122
20718 22122
21340 22122
20872 22122
21481 22122
21521 22122
20786 22122
21019 22122
20694 22122
21473 22122
21248 22122
20439 22122
20937 22122
20955 22122
21069 22122
21835 22122
20873 22122
21889 22122
21129 22122
21318 22122
20233 22122
21025 22122
21498 22122
21131 22122
21235 22122
21131 22122
21221 22122
20336 22122
20836 22122
21281 22122
21498 22122
21494 22122
20373 22122
21010 22122
20771 22122
21314 22122
20451 22122
20955 22122
21441 22122
20791 22122
20680 22122
20683 22122
21147 22122
21246 22122
21158 22122
22090 22122
21337 22122
21198 22122
20911 22122
20458 22122
20749 22122
21482 22122
20868 22122
20923 22122
21664 22122
21239 22122
21238 22122
21805 22122
21290 22122
20970 22122
20771 22122
21073 22122
20847 22122
20511 22122
20510 22122
20848 22122
21070 22122
21227 22122
20294 22122
20711 22122
21781 22122
20565 22122
21018 22122
21363 22122
21423 22122
20948 22122
21000 22122
20757 22122
21433 22122
20644 22122
20096 22122
21222 22122
20308 22122
20591 22122
21300 22122
20701 22122
21445 22122
20322 22122
21358 22122
20401 22122
20863 22122
21569 22122
21083 22122
21032 22122
21511 22122
20654 22122
20912 22122
20833 22122
20579 22122
21681 22122
21540 22122
20760 22122
21140 22122
20841 22122
21439 22122
21206 22122
20786 22122
21447 22122
20517 22122
21013 22122
20998 22122
21114 22122
20952 22122
20955 22122
20760 22122
20872 22122
21710 22122
20998 22122
21129 22122
21546 22122
21703 22122
21008 22122
21498 22122
21026 22122
20805 22122
21270 22122
21086 22122
20217 22122
21426 22122
21507 22122
21316 22122
20788 22122
20373 22122
20403 22122
21607 22122
21314 22122
21468 22122
21287 22122
20367 22122
20959 22122
20680 22122
21049 22122
21534 22122
20360 22122
21158 22122
21347 22122
20760 22122
21198 22122
21335 22122
20311 22122
21284 22122
21565 22122
20643 22122
21558 22122
21480 22122
20199 22122
20952 22122
21176 22122
20584 22122
20713 22122
20766 22122
21544 22122
20704 22122
21115 22122
21162 22122
21144 22122
21070 22122
21004 22122
21050 22122
20711 22122
21271 22122
21435 22122
21538 22122
21259 22122
21392 22122
20591 22122
21665 22122
20983 22122
21178 22122
20644 22122
20948 22122
20850 22122
19925 22122
21159 22122
21300 22122
20452 22122
20871 22122
20807 22122
21358 22122
20401 22122
21543 22122
21216 22122
20413 22122
20694 22122
21170 22122
20322 22122
21014 22122
20833 22122
20916 22122
21396 22122
21147 22122
20679 22122
21151 22122
20758 22122
21251 22122
21337 22122
20786 22122
20965 22122
21316 22122
21341 22122
20061 22122
20924 22122
21143 22122
20955 22122
20391 22122
20278 22122
21424 22122
20864 22122
21129 22122
21191 22122
20771 22122
21295 22122
21498 22122
20860 22122
21106 22122
20115 22122
21220 22122
20157 22122
21228 22122
20619 22122
21069 22122
21342 22122
20373 22122
20509 22122
20844 22122
21314 22122
21437 22122
21208 22122
21728 22122
20885 22122
20680 22122
21593 22122
20874 22122
21235 22122
21158 22122
20070 22122
20841 22122
21198 22122
21239 22122
20243 22122
20310 22122
21277 22122
21266 22122
21762 22122
20798 22122
20155 22122
20975 22122
21717 22122
19805 22122
21292 22122
20742 22122
20690 22122
20844 22122
21894 22122
20951 22122
21388 22122
21070 22122
20744 22122
21064 22122
20711 22122
20539 22122
20793 22122
21959 22122
20868 22122
21036 22122
21159 22122
20658 22122
20983 22122
21051 22122
20644 22122
21154 22122
21038 22122
20365 22122
21259 22122
21300 22122
20616 22122
21108 22122
20247 22122
21358 22122
20401 22122
21416 22122
20914 22122
20843 22122
20894 22122
20605 22122
20807 22122
21112 22122
20833 22122
21475 22122
20861 22122
20749 22122
20207 22122
21859 22122
20815 22122
21433 22122
20821 22122
20786 22122
21604 22122
20682 22122
20746 22122
21804 22122
21096 22122
21349 22122
20955 22122
20652 22122
20447 22122
21085 22122
21374 22122
21129 22122
19796 22122
20876 22122
21370 22122
21498 22122
20990 22122
20513 22122
21295 22122
21372 22122
20862 22122
21232 22122
20619 22122
20894 22122
21485 22122
20373 22122
21365 22122
21215 22122
21314 22122
21057 22122
21291 22122
21214 22122
20773 22122
20680 22122
21713 22122
20901 22122
21047 22122
21158 22122
20936 22122
21367 22122
21198 22122
21576 22122
20843 22122
20888 22122
20933 22122
21840 22122
20624 22122
20605 22122
21282 22122
21140 22122
21261 22122
20846 22122
20924 22122
20785 22122
20296 22122
19742 22122
21052 22122
21250 22122
21310 22122
21070 22122
20947 22122
20358 22122
20711 22122
21631 22122
21116 22122
20700 22122
20452 22122
21307 22122
21259 22122
20188 22122
20983 22122
21001 22122
20644 22122
21418 22122
20787 22122
21398 22122
21151 22122
21300 22122
20248 22122
21131 22122
20349 22122
21358 22122
20401 22122
21345 22122
20240 22122
21311 22122
20531 22122
20639 22122
20247 22122
20840 22122
20833 22122
20794 22122
20876 22122
20352 22122
20335 22122
21099 22122
20282 22122
21614 22122
21275 22122
20786 22122
20565 22122
21071 22122
21345 22122
21116 22122
21430 22122
20841 22122
20955 22122
21179 22122
20979 22122
20853 22122
21853 22122
21129 22122
20917 22122
21181 22122
21122 22122
21498 22122
20624 22122
20988 22122
21210 22122
20329 22122
20997 22122
21122 22122
20619 22122
21099 22122
20182 22122
20373 22122
20597 22122
20452 22122
21314 22122
21607 22122
21183 22122
20971 22122
20620 22122
20680 22122
21287 22122
21005 22122
21366 22122
21158 22122
20864 22122
20483 22122
21198 22122
21304 22122
20184 22122
21288 22122
21483 22122
20860 22122
21203 22122
21089 22122
20918 22122
21140 22122
20925 22122
20734 22122
20378 22122
21532 22122
20703 22122
20838 22122
21087 22122
21198 22122
21171 22122
21070 22122
20855 22122
21068 22122
20711 22122
20330 22122
20915 22122
21149 22122
20932 22122
20668 22122
21151 22122
22184 22184
20983 22184
20707 22184
20644 22184
19966 22184
20997 22184
21396 22184
21278 22184
21300 22184
20980 22184
21578 22184
20551 22184
21358 22184
20401 22184
20761 22184
20530 22184
20924 22184
20579 22184
20899 22184
20349 22184
21133 22184
20833 22184
21180 22184
21397 22184
21351 22184
21006 22184
20683 22184
21276 22184
22015 22184
20508 22184
20786 22184
20794 22184
21000 22184
20811 22184
20801 22184
20981 22184
21475 22184
20955 22184
21013 22184
21431 22184
21867 22184
20326 22184
21129 22184
21750 22184
20831 22184
20546 22184
21498 22184
20938 22184
20497 22184
20306 22184
21633 22184
20901 22184
20876 22184
20619 22184
21945 22184
20960 22184
20373 22184
21355 22184
20545 22184
21314 22184
21602 22184
20986 22184
20622 22184
21399 22184
20680 22184
21114 22184
21203 22184
21268 22184
21158 22184
21296 22184
21287 22184
21198 22184
21061 22184
20687 22184
21490 22184
20883 22184
21279 22184
20857 22184
21174 22184
20120 22184
21140 22184
20466 22184
21038 22184
21450 22184
20533 22184
20165 22184
20719 22184
21583 22184
20112 22184
21897 22184
21070 22184
21492 22184
20821 22184
20711 22184
21091 22184
21039 22184
20311 22184
20294 22184
20885 22184
21278 22184
21545 22184
20983 22184
21236 22184
20644 22184
20923 22184
20945 22184
21327 22184
20891 22184
21300 22184
20435 22184
20880 22184
21389 22184
21358 22184
20401 22184
20797 22184
20820 22184
21113 22184
20807 22184
20891 22184
20551 22184
21173 22184
20833 22184
21488 22184
21148 22184
21729 22184
20347 22184
20969 22184
21472 22184
20614 22184
21069 22184
20786 22184
20677 22184
21616 22184
21617 22184
21083 22184
21458 22184
20562 22184
20955 22184
21823 22184
20043 22184
21237 22184
21164 22184
21129 22184
21233 22184
20964 22184
21076 22184
21498 22184
21468 22184
21243 22184
20941 22184
20349 22184
21229 22184
21226 22184
20619 22184
21780 22184
21037 22184
20373 22184
21109 22184
21618 22184
21314 22184
20604 22184
20568 22184
21507 22184
21324 22184
20680 22184
21257 22184
21426 22184
21268 22184
21158 22184
20943 22184
20919 22184
21198 22184
20167 22184
20964 22184
20874 22184
21286 22184
21585 22184
21419 22184
20745 22184
20941 22184
21140 22184
20933 22184
21216 22184
21023 22184
21165 22184
21815 22184
21598 22184
20925 22184
21022 22184
21182 22184
21070 22184
21289 22184
20571 22184
20711 22184
20476 22184
20443 22184
21060 22184
20468 22184
20790 22184
20891 22184
21004 22184
20983 22184
21713 22184
20644 22184
21396 22184
21038 22184
21012 22184
20806 22184
21300 22184
20969 22184
21141 22184
20224 22184
21358 22184
20401 22184
21600 22184
21432 22184
21677 22184
21027 22184
21604 22184
21389 22184
21756 22184
20833 22184
19879 22184
20475 22184
20939 22184
20830 22184
20581 22184
21132 22184
21344 22184
21563 22184
20786 22184
21336 22184
21002 22184
20976 22184
20879 22184
20704 22184
21640 22184
20955 22184
21277 22184
21149 22184
20617 22184
20799 22184
21129 22184
21547 22184
20588 22184
21354 22184
21498 22184
20830 22184
20823 22184
20759 22184
20598 22184
21122 22184
20802 22184
20619 22184
20142 22184
20189 22184
20373 22184
21548 22184
20912 22184
21314 22184
20454 22184
19698 22184
21276 22184
20588 22184
20680 22184
20458 22184
20234 22184
21268 22184
21158 22184
20972 22184
21275 22184
21198 22184
20494 22184
21048 22184
21440 22184
20841 22184
21390 22184
21331 22184
21160 22184
20557 22184
21140 22184
21040 22184
20940 22184
21102 22184
20178 22184
20606 22184
21598 22184
20813 22184
21318 22184
21113 22184
21070 22184
21854 22184
21558 22184
20711 22184
20894 22184
20407 22184
21057 22184
20723 22184
21290 22184
20806 22184
21084 22184
20983 22184
21221 22184
20644 22184
20842 22184
21560 22184
21753 22184
20837 22184
21300 22184
20084 22184
21100 22184
20836 22184
21358 22184
20401 22184
21155 22184
20922 22184
21356 22184
20845 22184
19737 22184
20224 22184
21298 22184
20833 22184
20786 22184
20409 22184
21779 22184
21622 22184
20434 22184
20596 22184
20968 22184
19768 22184
20786 22184
20850 22184
21621 22184
21223 22184
21200 22184
21087 22184
20936 22184
20955 22184
21608 22184
21322 22184
20840 22184
20548 22184
21129 22184
21002 22184
21220 22184
20952 22184
21498 22184
21271 22184
21368 22184
21704 22184
21953 22184
20727 22184
21203 22184
20619 22184
20785 22184
20523 22184
20373 22184
21204 22184
21141 22184
21314 22184
20907 22184
20931 22184
21141 22184
20739 22184
20680 22184
20311 22184
21836 22184
21268 22184
21158 22184
21325 22184
20712 22184
21198 22184
20890 22184
20644 22184
20587 22184
21135 22184
20992 22184
20726 22184
21082 22184
19790 22184
21140 22184
21181 22184
20587 22184
21102 22184
21385 22184
19514 22184
21598 22184
20638 22184
21077 22184
21278 22184
21070 22184
20692 22184
21490 22184
20711 22184
20910 22184
20289 22184
20641 22184
21255 22184
20953 22184
20837 22184
20822 22184
20983 22184
21331 22184
20644 22184
20622 22184
21511 22184
20858 22184
20449 22184
21300 22184
20806 22184
20285 22184
21326 22184
21358 22184
20401 22184
21124 22184
21240 22184
21169 22184
20624 22184
21329 22184
20836 22184
20716 22184
20833 22184
20786 22184
20513 22184
20922 22184
21132 22184
20512 22184
21847 22184
21583 22184
21135 22184
20786 22184
21294 22184
21664 22184
21237 22184
20744 22184
20621 22184
20841 22184
20955 22184
21214 22184
20478 22184
21502 22184
21303 22184
21129 22184
21131 22184
20836 22184
20666 22184
21498 22184
21183 22184
21086 22184
21621 22184
20941 22184
20740 22184
20812 22184
20619 22184
20996 22184
21181 22184
20373 22184
21283 22184
21320 22184
21314 22184
20791 22184
20167 22184
20650 22184
21735 22184
20680 22184
20243 22184
20839 22184
21268 22184
21158 22184
21205 22184
21065 22184
21198 22184
21683 22184
21613 22184
20606 22184
20771 22184
21218 22184
20889 22184
20512 22184
21430 22184
21140 22184
20707 22184
20059 22184
21102 22184
20934 22184
21053 22184
21598 22184
21332 22184
21136 22184
20301 22184
21070 22184
20801 22184
20480 22184
20711 22184
21316 22184
20689 22184
21747 22184
21238 22184
20349 22184
20449 22184
20927 22184
20983 22184
20230 22184
20644 22184
20576 22184
21420 22184
21356 22184
21122 22184
21300 22184
21957 22184
21061 22184
20720 22184
21358 22184
20401 22184
21503 22184
20756 22184
21074 22184
20261 22184
20662 22184
21326 22184
20470 22184
20833 22184
20786 22184
21213 22184
20666 22184
21606 22184
20602 22184
21597 22184
20966 22184
20696 22184
20786 22184
21294 22184
21285 22184
20578 22184
20897 22184
21113 22184
21320 22184
20955 22184
20706 22184
21449 22184
20205 22184
20259 22184
21129 22184
21246 22184
21179 22184
20851 22184
21498 22184
20727 22184
21600 22184
21133 22184
21107 22184
20245 22184
22010 22184
20619 22184
21487 22184
21635 22184
20373 22184
21196 22184
21320 22184
21314 22184
21243 22184
20878 22184
21449 22184
20560 22184
20680 22184
20843 22184
21192 22184
21268 22184
21158 22184
21644 22184
20753 22184
21198 22184
22012 22184
21483 22184
20911 22184
20910 22184
20774 22184
21016 22184
20768 22184
21733 22184
21140 22184
21214 22184
21225 22184
21102 22184
21131 22184
20833 22184
21598 22184
19750 22184
20888 22184
20289 22184
21070 22184
21040 22184
20286 22184
20711 22184
21375 22184
20455 22184
20405 22184
20733 22184
21194 22184
21122 22184
21034 22184
20983 22184
21022 22184
20644 22184
20609 22184
20362 22184
20709 22184
20457 22184
21300 22184
21336 22184
21272 22184
21153 22184
21358 22184
20401 22184
20710 22184
21464 22184
20936 22184
21260 22184
21228 22184
20720 22184
20751 22184
20833 22184
20786 22184
20575 22184
21674 22184
20566 22184
20490 22184
21067 22184
20412 22184
20122 22184
20786 22184
21294 22184
20571 22184
20931 22184
21397 22184
21210 22184
20618 22184
20955 22184
21204 22184
21367 22184
21784 22184
20872 22184
21129 22184
20757 22184
21356 22184
20538 22184
21498 22184
20478 22184
21030 22184
20732 22184
21049 22184
21575 22184
20517 22184
20619 22184
21320 22184
21426 22184
20373 22184
20824 22184
21320 22184
21314 22184
21200 22184
21064 22184
20800 22184
20624 22184
20680 22184
20184 22184
21464 22184
21268 22184
21158 22184
21338 22184
21311 22184
21198 22184
21070 22184
21295 22184
21114 22184
21233 22184
20769 22184
20984 22184
21222 22184
21375 22184
21140 22184
21133 22184
20713 22184
21102 22184
21549 22184
21099 22184
21598 22184
21260 22184
21079 22184
21081 22184
21070 22184
21833 22184
20792 22184
20711 22184
21745 22184
21260 22184
21508 22184
21199 22184
19895 22184
20457 22184
20623 22184
20983 22184
21557 22184
20644 22184
21046 22184
20629 22184
20680 22184
21490 22184
21300 22184
20913 22184
20007 22184
21076 22184
21358 22184
20401 22184
21445 22184
21171 22184
21239 22184
21813 22184
20915 22184
21153 22184
21305 22184
20833 22184
20786 22184
20754 22184
20742 22184
20855 22184
21371 22184
21515 22184
21103 22184
21704 22184
20786 22184
21294 22184
21622 22184
20975 22184
20526 22184
20621 22184
20073 22184
20955 22184
21120 22184
20902 22184
21149 22184
21314 22184
21129 22184
21354 22184
21465 22184
21294 22184
21498 22184
20518 22184
21337 22184
21010 22184
20544 22184
20981 22184
20244 22184
20619 22184
20679 22184
21288 22184
20373 22184
21043 22184
21320 22184
21314 22184
20322 22184
21636 22184
20989 22184
20204 22184
20680 22184
20687 22184
20199 22184
21268 22184
21158 22184
20765 22184
21439 22184
21198 22184
20515 22184
20540 22184
21180 22184
21566 22184
20516 22184
20552 22184
20955 22184
21047 22184
21140 22184
20922 22184
20589 22184
21102 22184
21023 22184
20567 22184
21598 22184
21540 22184
21164 22184
20126 22184
21070 22184
20400 22184
20646 22184
20711 22184
21240 22184
20341 22184
21356 22184
20942 22184
20757 22184
21490 22184
21652 22184
20983 22184
20652 22184
20644 22184
20896 22184
20998 22184
20926 22184
20994 22184
21300 22184
20563 22184
21409 22184
20110 22184
21358 22184
20401 22184
20585 22184
20206 22184
21202 22184
20536 22184
21146 22184
21076 22184
20782 22184
20833 22184
20786 22184
20754 22184
20561 22184
21092 22184
21163 22184
20300 22184
20480 22184
21221 22184
20786 22184
21294 22184
21322 22184
20961 22184
21165 22184
21006 22184
21084 22184
20955 22184
21149 22184
21356 22184
21105 22184
21240 22184
21129 22184
21200 22184
21403 22184
20984 22184
21498 22184
20406 22184
20650 22184
21497 22184
21102 22184
21265 22184
21015 22184
20619 22184
21311 22184
21494 22184
20373 22184
20913 22184
21320 22184
21314 22184
21037 22184
20990 22184
20876 22184
21114 22184
20680 22184
20964 22184
20559 22184
21268 22184
21158 22184
20749 22184
21221 22184
21198 22184
20812 22184
20263 22184
20592 22184
21097 22184
20494 22184
20486 22184
21037 22184
21155 22184
21140 22184
21850 22184
20741 22184
21102 22184
21141 22184
20473 22184
21598 22184
21228 22184
21024 22184
21012 22184
21070 22184
20761 22184
20646 22184
20711 22184
20729 22184
21650 22184
21754 22184
20216 22184
20899 22184
20994 22184
21761 22184
20983 22184
20541 22184
20644 22184
20700 22184
21035 22184
20829 22184
21512 22184
21300 22184
21538 22184
20354 22184
21040 22184
21358 22184
20401 22184
20697 22184
20659 22184
21522 22184
21382 22184
20736 22184
20110 22184
21352 22184
20833 22184
20786 22184
20754 22184
20889 22184
20734 22184
20401 22184
20785 22184
21012 22184
20252 22184
20786 22184
21294 22184
21706 22184
20599 22184
20638 22184
20630 22184
20383 22184
20955 22184
20542 22184
20469 22184
21002 22184
21223 22184
21129 22184
20266 22184
21132 22184
21233 22184
21498 22184
21157 22184
21178 22184
20805 22184
21586 22184
21293 22184
20732 22184
20619 22184
19861 22184
20088 22184
20373 22184
21768 22184
21320 22184
21314 22184
21148 22184
20965 22184
20250 22184
21526 22184
20680 22184
21048 22184
21128 22184
21268 22184
21158 22184
21408 22184
21313 22184
21198 22184
20824 22184
20696 22184
20858 22184
20717 22184
20725 22184
22012 22184
21518 22184
21404 22184
21140 22184
21427 22184
21101 22184
21102 22184
21448 22184
20855 22184
21598 22184
21519 22184
20549 22184
21554 22184
21070 22184
21695 22184
20646 22184
20711 22184
21232 22184
21271 22184
21407 22184
21112 22184
21037 22184
21512 22184
20874 22184
20983 22184
21415 22184
20644 22184
21335 22184
20929 22184
21093 22184
20952 22184
21300 22184
21256 22184
21516 22184
20508 22184
21358 22184
20401 22184
21327 22184
20860 22184
21536 22184
20525 22184
21157 22184
21040 22184
21010 22184
20833 22184
20786 22184
20754 22184
20490 22184
22406 22406
20829 22406
21172 22406
21137 22406
20811 22406
20786 22406
21294 22406
20398 22406
20591 22406
21261 22406
20630 22406
20658 22406
20955 22406
21382 22406
20676 22406
20862 22406
21300 22406
21129 22406
20613 22406
21823 22406
21162 22406
21498 22406
21396 22406
20501 22406
21011 22406
21010 22406
20761 22406
21117 22406
20619 22406
22382 22406
21168 22406
20373 22406
20989 22406
21320 22406
21314 22406
21525 22406
20439 22406
21653 22406
20359 22406
20680 22406
20644 22406
20288 22406
21268 22406
21158 22406
21390 22406
21183 22406
21198 22406
20708 22406
20986 22406
22217 22406
21300 22406
20957 22406
21652 22406
21261 22406
21255 22406
21140 22406
21055 22406
20655 22406
21102 22406
21139 22406
21200 22406
21598 22406
21452 22406
21110 22406
21230 22406
21070 22406
19639 22406
20646 22406
20711 22406
21237 22406
20817 22406
21331 22406
20638 22406
20554 22406
20952 22406
21070 22406
20983 22406
20895 22406
20644 22406
21432 22406
20302 22406
20314 22406
21096 22406
21300 22406
20989 22406
21085 22406
21067 22406
21358 22406
20401 22406
20961 22406
20493 22406
21328 22406
21326 22406
20679 22406
20508 22406
21312 22406
20833 22406
20786 22406
20754 22406
20775 22406
21502 22406
21132 22406
21484 22406
20206 22406
21419 22406
20786 22406
21294 22406
21433 22406
21303 22406
22044 22406
20630 22406
21697 22406
20955 22406
21651 22406
20880 22406
21320 22406
21174 22406
21129 22406
20480 22406
21582 22406
22057 22406
21498 22406
19860 22406
21277 22406
20747 22406
19758 22406
21020 22406
20794 22406
20619 22406
21031 22406
20762 22406
20373 22406
21896 22406
21320 22406
21314 22406
20070 22406
20948 22406
21824 22406
19865 22406
20680 22406
21613 22406
20963 22406
21268 22406
21158 22406
20424 22406
21496 22406
21198 22406
21024 22406
21070 22406
20781 22406
20842 22406
21273 22406
21992 22406
21745 22406
21076 22406
21140 22406
20821 22406
20663 22406
21102 22406
21695 22406
21328 22406
21598 22406
21209 22406
21168 22406
21287 22406
21070 22406
21197 22406
20646 22406
20711 22406
20924 22406
20909 22406
20288 22406
21103 22406
20524 22406
21096 22406
21681 22406
20983 22406
21661 22406
20644 22406
21199 22406
19977 22406
20973 22406
20820 22406
21300 22406
21004 22406
20887 22406
21393 22406
21358 22406
20401 22406
20678 22406
21565 22406
21064 22406
20398 22406
21201 22406
21067 22406
20644 22406
20833 22406
20786 22406
20754 22406
20831 22406
20932 22406
21822 22406
21060 22406
20372 22406
21298 22406
20786 22406
21294 22406
21099 22406
20988 22406
21039 22406
20630 22406
20933 22406
20955 22406
20268 22406
21575 22406
21088 22406
20677 22406
21129 22406
21796 22406
21609 22406
21760 22406
21498 22406
20755 22406
21178 22406
21029 22406
20452 22406
21537 22406
20502 22406
20619 22406
21314 22406
20847 22406
20373 22406
21896 22406
21320 22406
21314 22406
21509 22406
21291 22406
21707 22406
20782 22406
20680 22406
21483 22406
21323 22406
21268 22406
21158 22406
20581 22406
21309 22406
21198 22406
