20706 20706
20766 20766
20830 20830
20802 20830
20802 20830
20869 20869
20855 20869
20836 20869
20917 20917
20905 20917
20911 20917
20896 20917
20845 20917
20808 20917
20845 20917
20843 20917
20859 20917
20799 20917
20799 20917
20814 20917
20736 20917
20804 20917
20774 20917
20836 20917
20908 20917
20865 20917
20819 20917
20799 20917
20830 20917
20769 20917
20824 20917
20857 20917
20902 20917
20887 20917
20923 20923
20849 20923
20880 20923
20863 20923
20873 20923
20872 20923
20929 20929
20915 20929
20845 20929
20795 20929
20850 20929
20912 20929
20897 20929
20897 20929
20851 20929
20805 20929
20825 20929
20875 20929
20930 20930
20970 20970
20970 20970
20901 20970
20872 20970
20913 20970
20871 20970
20892 20970
20892 20970
20907 20970
20874 20970
20876 20970
20823 20970
20750 20970
20812 20970
20849 20970
20815 20970
20855 20970
20842 20970
20858 20970
20888 20970
20961 20970
20922 20970
20936 20970
20987 20987
20979 20987
21033 21033
21013 21033
21075 21075
21035 21075
21024 21075
21043 21075
21017 21075
21013 21075
20974 21075
20986 21075
20968 21075
20968 21075
20933 21075
20876 21075
20845 21075
20910 21075
20913 21075
20958 21075
21004 21075
20970 21075
21025 21075
21025 21075
21058 21075
21121 21121
21109 21121
21054 21121
21117 21121
21112 21121
21105 21121
21036 21121
21088 21121
21146 21146
21180 21180
21221 21221
21267 21267
21276 21276
21312 21312
21372 21372
21376 21376
21420 21420
21440 21440
21513 21513
21513 21513
21448 21513
21431 21513
21386 21513
21455 21513
21511 21513
21523 21523
21468 21523
21415 21523
21472 21523
21474 21523
21532 21532
21567 21567
21614 21614
21621 21621
21668 21668
21729 21729
21661 21729
21652 21729
21689 21729
21707 21729
21680 21729
21623 21729
21674 21729
21640 21729
21631 21729
21663 21729
21704 21729
21692 21729
21704 21729
21688 21729
21697 21729
21669 21729
21639 21729
21591 21729
21577 21729
21585 21729
21651 21729
21597 21729
21607 21729
21653 21729
21698 21729
21698 21729
21639 21729
21676 21729
21731 21731
21783 21783
21814 21814
21772 21814
21808 21814
21806 21814
21859 21859
21826 21859
21810 21859
21871 21871
21891 21891
21900 21900
21834 21900
21801 21900
21757 21900
21702 21900
21660 21900
21662 21900
21671 21900
21665 21900
21665 21900
21660 21900
21634 21900
21634 21900
21588 21900
21559 21900
21569 21900
21607 21900
21559 21900
21543 21900
21544 21900
21579 21900
21577 21900
21629 21900
21556 21900
21579 21900
21557 21900
21589 21900
21576 21900
21576 21900
21635 21900
21653 21900
21605 21900
21618 21900
21649 21900
21656 21900
21656 21900
21673 21900
21644 21900
21659 21900
21699 21900
21659 21900
21605 21900
21663 21900
21675 21900
21715 21900
21689 21900
21653 21900
21593 21900
21652 21900
21661 21900
21661 21900
21629 21900
21620 21900
21666 21900
21716 21900
21763 21900
21693 21900
21719 21900
21719 21900
21704 21900
21766 21900
21697 21900
21656 21900
21617 21900
21582 21900
21581 21900
21554 21900
21585 21900
21621 21900
21593 21900
21619 21900
21556 21900
21479 21900
21479 21900
21479 21900
21456 21900
21487 21900
21487 21900
21428 21900
21439 21900
21385 21900
21371 21900
21376 21900
21376 21900
21421 21900
21453 21900
21461 21900
21489 21900
21530 21900
21530 21900
21557 21900
21527 21900
21465 21900
21495 21900
21533 21900
21584 21900
21624 21900
21574 21900
21610 21900
21620 21900
21662 21900
21625 21900
21663 21900
21733 21900
21709 21900
21734 21900
21784 21900
21782 21900
21801 21900
21762 21900
21754 21900
21771 21900
21758 21900
21758 21900
21758 21900
21726 21900
21736 21900
21716 21900
21681 21900
21612 21900
21609 21900
21549 21900
21586 21900
21545 21900
21597 21900
21624 21900
21619 21900
21624 21900
21624 21900
21648 21900
21682 21900
21689 21900
21689 21900
21679 21900
21666 21900
21685 21900
21656 21900
21635 21900
21672 21900
21698 21900
21712 21900
21717 21900
21700 21900
21675 21900
21648 21900
21687 21900
21753 21900
21747 21900
21697 21900
21697 21900
21700 21900
21627 21900
21578 21900
21499 21900
21453 21900
21521 21900
21595 21900
21661 21900
21683 21900
21724 21900
21711 21900
21620 21900
21575 21900
21603 21900
21566 21900
21532 21900
21473 21900
21520 21900
21533 21900
21478 21900
21512 21900
21519 21900
21536 21900
21496 21900
21499 21900
21499 21900
21539 21900
21557 21900
21603 21900
21603 21900
21643 21900
21643 21900
21642 21900
21647 21900
21678 21900
21692 21900
21737 21900
21792 21900
21764 21900
21764 21900
21818 21900
21850 21900
21821 21900
21866 21900
21805 21900
21815 21900
21812 21900
21859 21900
21800 21900
21755 21900
21769 21900
21718 21900
21677 21900
21669 21900
21717 21900
21716 21900
21676 21900
21663 21900
21658 21900
21657 21900
21657 21900
21634 21900
21684 21900
21663 21900
21624 21900
21605 21900
21668 21900
21712 21900
21668 21900
21670 21900
21603 21900
21541 21900
21541 21900
21552 21900
21566 21900
21566 21900
21566 21900
21602 21900
21582 21900
21618 21900
21641 21900
21683 21900
21722 21900
21722 21900
21667 21900
21729 21900
21729 21900
21721 21900
21721 21900
21721 21900
21677 21900
21677 21900
21661 21900
21661 21900
21635 21900
21625 21900
21668 21900
21673 21900
21673 21900
21646 21900
21611 21900
21580 21900
21622 21900
21604 21900
21609 21900
21690 21900
21633 21900
21679 21900
21642 21900
21624 21900
21598 21900
21631 21900
21583 21900
21583 21900
21590 21900
21549 21900
21541 21900
21541 21900
21539 21900
21526 21900
21466 21900
21413 21900
21413 21900
21448 21900
21448 21900
21493 21900
21508 21900
21534 21900
21563 21900
21559 21900
21559 21900
21518 21900
21511 21900
21505 21900
21561 21900
21561 21900
21579 21900
21531 21900
21536 21900
21529 21900
21490 21900
21467 21900
21477 21900
21482 21900
21522 21900
21512 21900
21502 21900
21486 21900
21504 21900
21488 21900
21538 21900
21543 21900
21566 21900
21571 21900
21524 21900
21556 21900
21595 21900
21542 21900
21551 21900
21590 21900
21579 21900
21589 21900
21640 21900
21665 21900
21624 21900
21632 21900
21606 21900
21606 21900
21606 21900
21624 21900
21613 21900
21618 21900
21583 21900
21580 21900
21616 21900
21655 21900
21669 21900
21694 21900
21709 21900
21641 21900
21681 21900
21629 21900
21627 21900
21660 21900
21660 21900
21665 21900
21717 21900
21717 21900
21704 21900
21739 21900
21739 21900
21705 21900
21721 21900
21750 21900
21750 21900
21803 21900
21803 21900
21781 21900
21834 21900
21834 21900
21801 21900
21869 21900
21856 21900
21904 21904
21939 21939
21939 21939
21990 21990
22021 22021
22038 22038
22038 22038
22092 22092
22043 22092
22020 22092
22020 22092
22064 22092
22032 22092
22002 22092
22013 22092
21979 22092
21983 22092
21953 22092
21990 22092
21982 22092
21933 22092
21917 22092
21998 22092
22030 22092
21965 22092
21965 22092
21921 22092
21967 22092
21984 22092
22034 22092
22034 22092
21996 22092
22037 22092
22029 22092
22007 22092
22025 22092
21946 22092
21988 22092
21988 22092
21981 22092
21935 22092
21935 22092
21875 22092
21912 22092
21876 22092
21864 22092
21864 22092
21890 22092
21885 22092
21947 22092
21906 22092
21906 22092
21906 22092
21919 22092
21919 22092
21927 22092
21928 22092
21991 22092
22044 22092
22096 22096
22038 22096
22073 22096
22077 22096
22077 22096
22107 22107
22107 22107
22038 22107
21996 22107
21996 22107
21996 22107
22068 22107
22018 22107
22018 22107
21963 22107
21998 22107
22039 22107
22116 22116
22116 22116
22085 22116
22027 22116
22040 22116
22040 22116
22095 22116
22045 22116
22051 22116
22044 22116
22079 22116
22043 22116
22049 22116
22012 22116
22063 22116
22103 22116
22139 22139
22090 22139
22111 22139
22127 22139
22130 22139
22130 22139
22085 22139
22085 22139
22085 22139
22125 22139
22125 22139
22107 22139
22107 22139
22153 22153
22153 22153
22126 22153
22148 22153
22125 22153
22125 22153
22153 22153
22185 22185
22255 22255
22300 22300
22316 22316
22316 22316
22316 22316
22319 22319
22288 22319
22320 22320
22362 22362
22362 22362
22362 22362
22335 22362
22355 22362
22309 22362
22288 22362
22296 22362
22296 22362
22286 22362
22249 22362
22218 22362
22249 22362
22219 22362
22246 22362
22219 22362
22257 22362
22257 22362
22252 22362
22257 22362
22267 22362
22275 22362
22275 22362
22297 22362
22289 22362
22289 22362
22319 22362
22319 22362
22297 22362
22280 22362
22263 22362
22234 22362
22234 22362
22203 22362
22205 22362
22173 22362
22202 22362
22182 22362
22199 22362
22216 22362
22220 22362
22220 22362
22220 22362
22192 22362
22192 22362
22188 22362
22188 22362
22222 22362
22250 22362
22305 22362
22375 22375
22375 22375
22375 22375
22375 22375
22375 22375
22375 22375
22375 22375
22375 22375
22391 22391
22425 22425
22450 22450
22418 22450
22401 22450
22401 22450
22422 22450
22390 22450
22370 22450
22396 22450
22417 22450
22412 22450
22383 22450
22457 22457
22467 22467
22467 22467
22499 22499
22461 22499
22445 22499
22419 22499
22448 22499
22412 22499
22399 22499
22399 22499
22421 22499
22376 22499
22410 22499
22443 22499
22411 22499
22478 22499
22478 22499
22506 22506
22531 22531
22589 22589
22589 22589
22554 22589
22573 22589
22548 22589
22519 22589
22535 22589
22560 22589
22561 22589
22597 22597
22628 22628
22600 22628
22641 22641
22677 22677
22681 22681
22681 22681
22681 22681
22692 22692
22692 22692
22667 22692
22677 22692
22704 22704
22725 22725
22725 22725
22725 22725
22725 22725
22682 22725
22725 22725
22710 22725
22682 22725
22682 22725
22713 22725
22742 22742
22741 22742
22751 22751
22774 22774
22756 22774
22785 22785
22779 22785
22778 22785
22775 22785
22744 22785
22720 22785
22764 22785
22765 22785
22774 22785
22773 22785
22771 22785
22780 22785
22808 22808
22838 22838
22838 22838
22876 22876
22876 22876
22847 22876
22847 22876
22857 22876
22894 22894
22925 22925
22977 22977
22995 22995
23002 23002
22976 23002
23007 23007
23007 23007
22980 23007
22955 23007
22955 23007
22954 23007
22914 23007
22914 23007
22932 23007
22932 23007
22916 23007
22872 23007
22872 23007
22872 23007
22900 23007
22900 23007
22900 23007
22872 23007
22856 23007
22856 23007
22835 23007
22804 23007
22772 23007
22781 23007
22815 23007
22815 23007
22837 23007
22837 23007
22806 23007
22806 23007
22824 23007
22869 23007
22879 23007
22888 23007
22866 23007
22866 23007
22851 23007
22892 23007
22852 23007
22897 23007
22927 23007
22927 23007
22904 23007
22858 23007
22858 23007
22858 23007
22852 23007
22852 23007
22870 23007
22865 23007
22880 23007
22898 23007
22877 23007
22877 23007
22877 23007
22890 23007
22873 23007
22907 23007
22907 23007
22885 23007
22885 23007
22909 23007
22909 23007
22920 23007
22920 23007
22927 23007
22927 23007
22970 23007
22991 23007
22997 23007
22955 23007
22955 23007
22955 23007
22938 23007
22967 23007
22995 23007
22975 23007
22975 23007
22957 23007
22965 23007
22978 23007
22936 23007
22926 23007
22896 23007
22896 23007
22896 23007
22885 23007
22885 23007
22885 23007
22855 23007
22855 23007
22838 23007
22838 23007
22840 23007
22867 23007
22855 23007
22847 23007
22886 23007
22886 23007
22886 23007
22915 23007
22897 23007
22913 23007
22876 23007
22908 23007
22900 23007
22900 23007
22862 23007
22910 23007
22910 23007
22910 23007
22940 23007
22903 23007
22903 23007
22903 23007
22911 23007
22889 23007
22889 23007
22889 23007
22901 23007
22882 23007
22891 23007
22891 23007
22891 23007
22942 23007
22942 23007
22888 23007
22901 23007
22901 23007
22883 23007
22883 23007
22904 23007
22922 23007
22922 23007
22961 23007
22961 23007
22961 23007
22996 23007
23015 23015
23006 23015
22966 23015
22966 23015
22966 23015
22966 23015
22990 23015
23039 23039
23039 23039
23039 23039
23039 23039
23039 23039
23046 23046
23037 23046
23047 23047
23047 23047
23047 23047
23047 23047
23079 23079
23079 23079
23106 23106
23096 23106
23090 23106
23090 23106
23107 23107
23107 23107
23107 23107
23100 23107
23090 23107
23090 23107
23090 23107
23114 23114
23114 23114
23144 23144
23164 23164
23185 23185
23151 23185
23141 23185
23142 23185
23152 23185
23140 23185
23154 23185
23155 23185
23155 23185
23141 23185
23138 23185
23138 23185
23122 23185
23122 23185
23094 23185
23094 23185
23131 23185
23151 23185
23160 23185
23160 23185
23153 23185
23153 23185
23153 23185
23162 23185
23162 23185
23156 23185
23156 23185
23179 23185
23215 23215
23211 23215
23211 23215
23211 23215
23211 23215
23244 23244
23244 23244
23262 23262
23223 23262
23223 23262
23223 23262
23202 23262
23199 23262
23214 23262
23214 23262
23233 23262
23251 23262
23251 23262
23274 23274
23279 23279
23301 23301
23301 23301
23307 23307
23321 23321
23321 23321
23321 23321
23366 23366
23366 23366
23353 23366
23367 23367
23367 23367
23362 23367
23362 23367
23362 23367
23362 23367
23362 23367
23362 23367
23362 23367
23345 23367
23345 23367
23333 23367
23311 23367
23291 23367
23322 23367
23322 23367
23315 23367
23323 23367
23354 23367
23354 23367
23354 23367
23354 23367
23340 23367
23340 23367
23340 23367
23340 23367
23340 23367
23326 23367
23326 23367
23275 23367
23275 23367
23275 23367
23275 23367
23275 23367
23275 23367
23275 23367
23267 23367
23290 23367
23304 23367
23344 23367
23373 23373
23387 23387
23420 23420
23410 23420
23410 23420
23438 23438
23438 23438
23438 23438
23438 23438
23438 23438
23439 23439
23433 23439
23465 23465
23465 23465
23465 23465
23465 23465
23465 23465
23505 23505
23505 23505
23505 23505
23505 23505
23505 23505
23531 23531
23524 23531
23524 23531
23524 23531
23543 23543
23546 23546
23546 23546
23563 23563
23595 23595
23595 23595
23570 23595
23570 23595
23570 23595
23602 23602
23602 23602
23602 23602
23602 23602
23614 23614
23622 23622
23598 23622
23598 23622
23598 23622
23595 23622
23595 23622
23595 23622
23595 23622
23595 23622
23592 23622
23592 23622
23592 23622
23599 23622
23602 23622
23602 23622
23612 23622
23612 23622
23612 23622
23597 23622
23597 23622
23589 23622
23589 23622
23589 23622
23589 23622
23589 23622
23618 23622
23618 23622
23636 23636
23636 23636
23660 23660
23684 23684
23684 23684
23683 23684
23683 23684
23683 23684
23691 23691
23691 23691
23691 23691
23691 23691
23701 23701
23701 23701
23701 23701
23710 23710
23700 23710
23700 23710
23698 23710
23698 23710
23698 23710
23710 23710
23728 23728
23728 23728
23728 23728
23728 23728
23728 23728
23728 23728
23748 23748
23748 23748
23748 23748
23748 23748
23770 23770
23770 23770
23770 23770
23770 23770
23802 23802
23802 23802
23824 23824
23824 23824
23826 23826
23826 23826
23826 23826
23837 23837
23837 23837
23837 23837
23837 23837
23843 23843
23869 23869
23869 23869
23869 23869
23908 23908
23908 23908
23904 23908
23910 23910
23934 23934
23925 23934
23925 23934
23925 23934
23918 23934
23918 23934
23921 23934
23919 23934
23919 23934
23926 23934
23929 23934
23929 23934
23929 23934
23929 23934
23930 23934
23944 23944
23944 23944
23944 23944
23944 23944
23944 23944
23953 23953
23953 23953
23967 23967
23967 23967
23967 23967
23967 23967
23967 23967
23967 23967
23958 23967
23958 23967
23958 23967
23958 23967
23977 23977
23999 23999
23999 23999
23999 23999
23999 23999
24018 24018
24018 24018
24018 24018
24018 24018
24024 24024
24024 24024
24022 24024
24022 24024
24040 24040
24040 24040
24040 24040
24040 24040
24040 24040
24038 24040
24038 24040
24038 24040
24038 24040
24034 24040
24020 24040
24020 24040
24020 24040
24020 24040
24020 24040
24026 24040
24022 24040
24022 24040
24022 24040
24022 24040
24026 24040
24026 24040
24026 24040
24026 24040
24026 24040
24026 24040
24026 24040
24055 24055
24058 24058
24058 24058
24063 24063
24065 24065
24065 24065
24086 24086
24086 24086
24086 24086
24087 24087
24087 24087
24102 24102
24127 24127
24134 24134
24134 24134
24131 24134
24131 24134
24131 24134
24131 24134
24131 24134
24131 24134
24139 24139
24137 24139
24140 24140
24135 24140
24156 24156
24156 24156
24155 24156
24166 24166
24166 24166
24167 24167
24163 24167
24163 24167
24163 24167
24163 24167
24162 24167
24169 24169
24161 24169
24182 24182
24182 24182
24182 24182
24182 24182
24182 24182
24175 24182
24182 24182
24182 24182
24182 24182
24182 24182
24182 24182
24182 24182
24182 24182
24182 24182
24182 24182
24182 24182
24177 24182
24186 24186
24182 24186
24182 24186
24164 24186
24164 24186
24164 24186
24164 24186
24164 24186
24164 24186
24169 24186
24172 24186
24172 24186
24172 24186
24172 24186
24177 24186
24175 24186
24172 24186
24172 24186
24192 24192
24192 24192
24189 24192
24185 24192
24185 24192
24207 24207
24236 24236
24236 24236
24236 24236
24236 24236
24225 24236
24225 24236
24228 24236
24228 24236
24228 24236
24228 24236
24228 24236
24228 24236
24240 24240
24240 24240
24252 24252
24252 24252
24255 24255
24255 24255
24255 24255
24255 24255
24255 24255
24255 24255
24255 24255
24255 24255
24255 24255
24255 24255
24255 24255
24258 24258
24258 24258
24258 24258
24258 24258
24258 24258
24259 24259
24259 24259
24259 24259
24259 24259
24259 24259
24259 24259
24259 24259
24259 24259
24259 24259
24258 24259
24258 24259
24258 24259
24258 24259
24257 24259
24257 24259
24257 24259
24257 24259
24256 24259
24256 24259
24246 24259
24247 24259
24255 24259
24255 24259
24255 24259
24255 24259
24255 24259
24255 24259
24255 24259
24268 24268
24268 24268
24269 24269
24269 24269
24266 24269
24266 24269
24266 24269
24266 24269
24266 24269
24266 24269
24266 24269
24266 24269
24266 24269
24266 24269
24266 24269
24266 24269
24266 24269
24266 24269
24267 24269
24267 24269
24267 24269
24266 24269
24266 24269
24266 24269
24267 24269
24267 24269
24267 24269
24253 24269
24253 24269
24253 24269
24247 24269
24248 24269
24249 24269
24260 24269
24260 24269
24260 24269
24260 24269
24257 24269
24257 24269
24257 24269
24257 24269
24257 24269
24246 24269
24246 24269
24247 24269
24247 24269
24247 24269
24252 24269
24252 24269
24252 24269
24252 24269
24252 24269
24277 24277
24258 24277
24258 24277
24258 24277
24258 24277
24258 24277
24258 24277
24258 24277
24258 24277
24258 24277
24258 24277
24260 24277
24260 24277
24260 24277
24260 24277
24260 24277
24260 24277
24260 24277
24264 24277
24264 24277
24264 24277
24264 24277
24264 24277
24264 24277
24262 24277
24261 24277
24261 24277
24264 24277
24264 24277
24264 24277
24264 24277
24264 24277
24264 24277
24264 24277
24266 24277
24266 24277
24266 24277
24266 24277
24266 24277
24285 24285
24285 24285
24285 24285
24285 24285
24285 24285
24307 24307
24307 24307
24307 24307
24307 24307
24309 24309
24327 24327
24327 24327
24344 24344
24344 24344
24342 24344
24345 24345
24345 24345
24343 24345
24356 24356
24356 24356
24354 24356
24354 24356
24354 24356
24354 24356
24352 24356
24352 24356
24352 24356
24354 24356
24354 24356
24354 24356
24354 24356
24363 24363
24385 24385
24385 24385
24383 24385
24383 24385
24383 24385
24402 24402
24402 24402
24402 24402
24402 24402
24402 24402
24402 24402
24402 24402
24402 24402
24410 24410
24409 24410
24409 24410
24409 24410
24409 24410
24409 24410
24409 24410
24409 24410
24409 24410
24409 24410
24409 24410
24414 24414
24414 24414
24437 24437
24445 24445
24445 24445
24445 24445
24445 24445
24438 24445
24438 24445
24438 24445
24438 24445
24438 24445
24438 24445
24438 24445
24438 24445
24438 24445
24438 24445
24438 24445
24438 24445
24438 24445
24438 24445
24438 24445
24438 24445
24438 24445
24440 24445
24440 24445
24440 24445
24440 24445
24442 24445
24442 24445
24442 24445
24442 24445
24442 24445
24442 24445
24442 24445
24442 24445
24442 24445
24442 24445
24439 24445
24439 24445
24439 24445
24439 24445
24439 24445
24434 24445
24434 24445
24434 24445
24434 24445
24434 24445
24428 24445
24428 24445
24427 24445
24427 24445
24427 24445
24427 24445
24427 24445
24434 24445
24434 24445
24434 24445
24434 24445
24434 24445
24434 24445
24439 24445
24439 24445
24440 24445
24440 24445
24440 24445
24440 24445
24441 24445
24444 24445
24444 24445
24444 24445
24444 24445
24444 24445
24444 24445
24444 24445
24444 24445
24444 24445
24444 24445
24444 24445
24444 24445
24444 24445
24444 24445
24444 24445
24444 24445
24444 24445
24444 24445
24444 24445
24444 24445
24455 24455
24470 24470
24470 24470
24470 24470
24470 24470
24470 24470
24470 24470
24470 24470
24470 24470
24470 24470
24484 24484
24489 24489
24489 24489
24486 24489
24497 24497
24497 24497
24497 24497
24497 24497
24497 24497
24497 24497
24497 24497
24497 24497
24497 24497
24497 24497
24497 24497
24497 24497
24497 24497
24498 24498
24498 24498
24498 24498
24498 24498
24498 24498
24498 24498
24498 24498
24498 24498
24498 24498
24498 24498
24498 24498
24512 24512
24512 24512
24513 24513
24524 24524
24524 24524
24524 24524
24524 24524
24528 24528
24528 24528
24543 24543
24543 24543
24543 24543
24543 24543
24543 24543
24543 24543
24543 24543
24543 24543
24543 24543
24543 24543
24543 24543
24543 24543
24543 24543
24543 24543
24543 24543
24543 24543
24543 24543
24543 24543
24543 24543
24544 24544
24544 24544
24544 24544
24544 24544
24539 24544
24540 24544
24540 24544
24540 24544
24544 24544
24544 24544
24542 24544
24542 24544
24542 24544
24542 24544
24542 24544
24558 24558
24558 24558
24558 24558
24558 24558
24558 24558
24558 24558
24558 24558
24556 24558
24556 24558
24567 24567
24567 24567
24567 24567
24567 24567
24567 24567
24567 24567
24568 24568
24581 24581
24581 24581
24581 24581
24583 24583
24583 24583
24583 24583
24583 24583
24583 24583
24583 24583
24582 24583
24582 24583
24582 24583
24582 24583
24582 24583
24582 24583
24582 24583
24578 24583
24578 24583
24578 24583
24577 24583
24586 24586
24598 24598
24598 24598
24598 24598
24598 24598
24598 24598
24598 24598
24598 24598
24597 24598
24599 24599
24599 24599
24599 24599
24599 24599
24599 24599
24600 24600
24600 24600
24599 24600
24599 24600
24599 24600
24599 24600
24599 24600
24602 24602
24612 24612
24612 24612
24612 24612
24612 24612
24613 24613
24613 24613
24610 24613
24610 24613
24610 24613
24610 24613
24610 24613
24613 24613
24613 24613
24613 24613
24613 24613
24625 24625
24625 24625
24625 24625
24625 24625
24625 24625
24625 24625
24625 24625
24625 24625
24625 24625
24625 24625
24625 24625
24625 24625
24625 24625
24625 24625
24625 24625
24625 24625
24625 24625
24625 24625
24625 24625
24626 24626
24626 24626
24626 24626
24629 24629
24629 24629
24629 24629
24629 24629
24629 24629
24640 24640
24640 24640
24640 24640
24650 24650
24650 24650
24650 24650
24650 24650
24650 24650
24650 24650
24650 24650
24650 24650
24650 24650
24650 24650
24650 24650
24650 24650
24650 24650
24650 24650
24650 24650
24650 24650
24649 24650
24649 24650
24649 24650
24649 24650
24649 24650
24649 24650
24649 24650
24649 24650
24649 24650
24650 24650
24650 24650
24650 24650
24650 24650
24653 24653
24653 24653
24651 24653
24651 24653
24651 24653
24651 24653
24651 24653
24651 24653
24651 24653
24651 24653
24651 24653
24651 24653
24651 24653
24651 24653
24651 24653
24651 24653
24651 24653
24654 24654
24655 24655
24655 24655
24655 24655
24655 24655
24655 24655
24657 24657
24657 24657
24657 24657
24657 24657
24657 24657
24667 24667
24669 24669
24670 24670
24670 24670
24670 24670
24670 24670
24670 24670
24670 24670
24676 24676
24676 24676
24676 24676
24676 24676
24676 24676
24676 24676
24676 24676
24676 24676
24676 24676
24687 24687
24687 24687
24687 24687
24687 24687
24696 24696
24696 24696
24696 24696
24696 24696
24696 24696
24696 24696
24696 24696
24696 24696
24696 24696
24698 24698
24697 24698
24697 24698
24697 24698
24697 24698
24697 24698
24697 24698
24697 24698
24697 24698
24697 24698
24697 24698
24697 24698
24697 24698
24698 24698
24698 24698
24698 24698
24698 24698
24699 24699
24699 24699
24699 24699
24699 24699
24699 24699
24699 24699
24699 24699
24699 24699
24699 24699
24699 24699
24699 24699
24699 24699
24699 24699
24699 24699
24699 24699
24699 24699
24699 24699
24699 24699
24701 24701
24701 24701
24701 24701
24701 24701
24700 24701
24700 24701
24700 24701
24700 24701
24700 24701
24700 24701
24700 24701
24699 24701
24700 24701
24700 24701
24700 24701
24700 24701
24701 24701
24702 24702
24702 24702
24702 24702
24702 24702
24702 24702
24702 24702
24702 24702
24702 24702
24702 24702
24702 24702
24702 24702
24702 24702
24702 24702
24702 24702
24702 24702
24702 24702
24703 24703
24703 24703
24703 24703
24703 24703
24703 24703
24703 24703
24703 24703
24703 24703
24703 24703
24703 24703
24703 24703
24703 24703
24703 24703
24703 24703
24703 24703
24703 24703
24703 24703
24703 24703
24704 24704
24704 24704
24704 24704
24704 24704
24704 24704
24704 24704
24704 24704
24704 24704
24704 24704
24704 24704
24704 24704
24705 24705
24705 24705
24705 24705
24704 24705
24704 24705
24704 24705
24704 24705
24705 24705
24705 24705
24705 24705
24705 24705
24705 24705
24705 24705
24705 24705
24705 24705
24705 24705
24705 24705
24706 24706
24706 24706
24706 24706
24706 24706
24706 24706
24706 24706
24706 24706
24706 24706
24706 24706
24706 24706
24706 24706
24706 24706
24706 24706
24706 24706
24706 24706
24706 24706
24706 24706
24706 24706
24706 24706
24706 24706
24706 24706
24708 24708
24708 24708
24708 24708
24708 24708
24708 24708
24708 24708
24708 24708
24708 24708
24708 24708
24708 24708
24708 24708
24708 24708
24708 24708
24708 24708
24708 24708
24708 24708
24708 24708
24708 24708
24708 24708
24708 24708
24708 24708
24710 24710
24710 24710
24710 24710
24710 24710
24710 24710
24710 24710
24710 24710
24710 24710
24710 24710
24710 24710
24710 24710
24710 24710
24710 24710
24711 24711
24711 24711
24711 24711
24711 24711
24711 24711
24711 24711
24711 24711
24711 24711
24711 24711
24711 24711
24711 24711
24711 24711
24711 24711
24711 24711
24711 24711
24711 24711
24709 24711
24709 24711
24709 24711
24709 24711
24709 24711
24709 24711
24709 24711
24709 24711
24709 24711
24709 24711
24709 24711
24709 24711
24709 24711
24709 24711
24709 24711
24709 24711
24709 24711
24716 24716
24723 24723
24723 24723
24723 24723
24723 24723
24723 24723
24723 24723
24723 24723
24723 24723
24723 24723
24723 24723
24723 24723
24723 24723
24723 24723
24723 24723
24723 24723
24723 24723
24723 24723
24723 24723
24723 24723
24723 24723
24723 24723
24723 24723
24723 24723
24723 24723
24723 24723
24723 24723
24723 24723
24723 24723
24723 24723
24723 24723
24723 24723
24723 24723
24723 24723
24723 24723
24723 24723
24723 24723
24723 24723
24723 24723
24723 24723
24723 24723
24723 24723
24723 24723
24723 24723
24723 24723
24723 24723
24723 24723
24723 24723
24723 24723
24723 24723
24723 24723
24728 24728
24728 24728
24728 24728
24728 24728
24728 24728
24728 24728
24728 24728
24727 24728
24727 24728
24727 24728
24727 24728
24727 24728
24727 24728
24727 24728
24727 24728
24727 24728
24727 24728
24727 24728
24727 24728
24730 24730
24730 24730
24730 24730
24730 24730
24730 24730
24730 24730
24730 24730
24730 24730
24730 24730
24730 24730
24730 24730
24730 24730
24730 24730
24730 24730
24730 24730
24730 24730
24730 24730
24730 24730
24730 24730
24730 24730
24730 24730
24730 24730
24730 24730
24730 24730
24730 24730
24730 24730
24730 24730
24730 24730
24730 24730
24730 24730
24730 24730
24730 24730
24730 24730
24730 24730
24730 24730
24730 24730
24730 24730
24730 24730
24730 24730
24730 24730
24730 24730
24730 24730
24730 24730
24730 24730
24730 24730
24730 24730
24730 24730
24730 24730
24730 24730
24730 24730
24730 24730
24730 24730
24730 24730
24730 24730
24730 24730
24730 24730
24730 24730
24730 24730
24730 24730
24730 24730
24730 24730
24730 24730
24730 24730
24730 24730
24730 24730
24730 24730
24730 24730
24730 24730
24730 24730
24730 24730
24730 24730
24730 24730
24730 24730
24730 24730
24730 24730
24730 24730
24731 24731
24731 24731
24731 24731
24731 24731
24731 24731
24731 24731
24731 24731
24731 24731
24731 24731
24731 24731
24731 24731
24731 24731
24731 24731
24731 24731
24731 24731
24731 24731
24731 24731
24731 24731
24731 24731
24731 24731
24731 24731
24731 24731
24731 24731
24731 24731
24731 24731
24731 24731
24731 24731
24731 24731
24731 24731
24731 24731
24731 24731
24731 24731
24731 24731
24731 24731
24731 24731
24731 24731
24731 24731
24731 24731
24731 24731
24731 24731
24731 24731
24731 24731
24731 24731
24731 24731
24731 24731
24731 24731
24731 24731
24731 24731
24731 24731
24731 24731
24731 24731
24731 24731
24731 24731
24731 24731
24736 24736
24736 24736
24736 24736
24736 24736
24736 24736
24736 24736
24736 24736
24736 24736
24736 24736
24740 24740
24740 24740
24740 24740
24740 24740
24740 24740
24740 24740
24740 24740
24740 24740
24740 24740
24740 24740
24740 24740
24740 24740
24740 24740
24740 24740
24740 24740
24740 24740
24740 24740
24740 24740
24740 24740
24740 24740
24740 24740
24740 24740
24740 24740
24740 24740
24740 24740
24740 24740
24740 24740
24740 24740
24740 24740
24740 24740
24740 24740
24740 24740
24740 24740
24740 24740
24740 24740
24740 24740
24740 24740
24740 24740
24740 24740
24740 24740
24740 24740
24740 24740
24740 24740
24740 24740
24740 24740
24740 24740
24740 24740
24740 24740
24740 24740
24740 24740
24740 24740
24744 24744
24744 24744
24744 24744
24744 24744
24744 24744
24744 24744
24744 24744
24744 24744
24744 24744
24744 24744
24744 24744
24744 24744
24744 24744
24745 24745
24745 24745
24745 24745
24746 24746
24746 24746
24746 24746
24746 24746
24746 24746
24746 24746
24746 24746
24746 24746
24746 24746
24746 24746
24746 24746
24746 24746
24746 24746
24746 24746
24746 24746
24746 24746
24746 24746
24746 24746
24746 24746
24746 24746
24746 24746
24746 24746
24746 24746
24746 24746
24747 24747
24747 24747
24747 24747
24747 24747
24747 24747
24747 24747
24747 24747
24747 24747
24747 24747
24747 24747
24747 24747
24747 24747
24747 24747
24748 24748
24748 24748
24748 24748
24748 24748
24748 24748
24748 24748
24748 24748
24748 24748
24748 24748
24748 24748
24748 24748
24748 24748
24748 24748
24748 24748
24748 24748
24748 24748
24748 24748
24748 24748
24748 24748
24748 24748
24748 24748
24748 24748
24748 24748
24748 24748
24748 24748
24748 24748
24748 24748
24748 24748
24748 24748
24748 24748
24748 24748
24748 24748
24748 24748
24748 24748
24748 24748
24748 24748
24748 24748
24748 24748
24748 24748
24748 24748
24748 24748
24748 24748
24748 24748
24748 24748
24748 24748
24748 24748
24748 24748
24748 24748
24748 24748
24748 24748
24748 24748
24748 24748
24748 24748
24748 24748
24748 24748
24748 24748
24748 24748
24748 24748
24748 24748
24748 24748
24748 24748
24748 24748
24748 24748
24748 24748
24748 24748
24748 24748
24748 24748
24748 24748
24748 24748
24748 24748
24748 24748
24748 24748
24748 24748
24748 24748
24748 24748
24748 24748
24749 24749
24749 24749
24749 24749
24749 24749
24749 24749
24749 24749
24749 24749
24749 24749
24749 24749
24749 24749
24749 24749
24749 24749
24749 24749
24749 24749
24749 24749
24749 24749
24749 24749
24749 24749
24749 24749
24749 24749
24749 24749
24749 24749
24749 24749
24749 24749
24749 24749
24749 24749
24749 24749
24749 24749
24749 24749
24749 24749
24749 24749
24749 24749
24749 24749
24749 24749
24749 24749
24749 24749
24749 24749
24749 24749
24749 24749
24749 24749
24749 24749
24749 24749
24749 24749
24749 24749
24749 24749
24749 24749
24749 24749
24749 24749
24749 24749
24749 24749
24749 24749
24749 24749
24749 24749
24749 24749
24749 24749
24749 24749
24749 24749
24749 24749
24749 24749
24749 24749
24749 24749
24749 24749
24749 24749
24749 24749
24749 24749
24749 24749
24749 24749
24749 24749
24749 24749
24749 24749
24749 24749
24749 24749
24749 24749
24749 24749
24749 24749
24749 24749
24749 24749
24749 24749
24749 24749
24749 24749
24749 24749
24749 24749
24749 24749
24749 24749
24749 24749
24749 24749
24749 24749
24749 24749
24749 24749
24749 24749
24749 24749
24749 24749
24749 24749
24749 24749
24749 24749
24749 24749
24749 24749
24749 24749
24749 24749
24749 24749
24749 24749
24749 24749
24749 24749
24749 24749
24749 24749
24749 24749
24749 24749
24749 24749
24749 24749
24749 24749
24749 24749
24749 24749
24749 24749
24749 24749
24749 24749
24749 24749
24749 24749
24749 24749
24749 24749
24749 24749
24749 24749
24749 24749
24749 24749
24749 24749
24749 24749
24749 24749
24749 24749
24749 24749
24749 24749
24749 24749
24749 24749
24749 24749
24749 24749
24749 24749
24749 24749
24749 24749
24749 24749
24749 24749
24749 24749
24749 24749
24749 24749
24749 24749
24749 24749
24749 24749
24749 24749
24749 24749
24749 24749
24749 24749
24749 24749
24749 24749
24749 24749
24749 24749
24749 24749
24749 24749
24749 24749
24749 24749
24749 24749
24749 24749
24749 24749
24749 24749
24749 24749
24749 24749
24749 24749
24749 24749
24749 24749
24749 24749
24749 24749
24749 24749
24749 24749
24749 24749
24749 24749
24749 24749
24749 24749
24749 24749
24749 24749
24749 24749
24749 24749
24749 24749
24749 24749
24749 24749
24749 24749
24749 24749
24749 24749
24749 24749
24749 24749
24749 24749
24749 24749
24749 24749
24749 24749
24749 24749
24749 24749
24749 24749
24749 24749
24749 24749
24749 24749
24749 24749
24749 24749
24749 24749
24749 24749
24749 24749
24749 24749
24749 24749
24749 24749
24749 24749
24749 24749
24749 24749
24749 24749
24749 24749
24749 24749
24749 24749
24749 24749
24749 24749
24749 24749
24749 24749
24749 24749
24749 24749
24749 24749
24749 24749
24749 24749
24749 24749
24749 24749
24749 24749
24749 24749
24749 24749
24749 24749
24749 24749
24749 24749
24749 24749
24749 24749
24749 24749
24749 24749
24749 24749
24749 24749
24749 24749
24749 24749
24749 24749
24749 24749
24749 24749
24749 24749
24749 24749
24749 24749
24749 24749
24749 24749
24749 24749
24749 24749
24749 24749
24749 24749
24749 24749
24749 24749
24749 24749
24749 24749
24749 24749
24749 24749
24749 24749
24749 24749
24749 24749
24749 24749
24749 24749
24749 24749
24749 24749
24749 24749
24749 24749
24749 24749
24749 24749
24749 24749
24749 24749
24749 24749
24749 24749
24749 24749
24749 24749
24749 24749
24749 24749
24749 24749
24749 24749
24749 24749
24749 24749
24749 24749
24749 24749
24749 24749
24749 24749
24749 24749
24749 24749
24749 24749
24749 24749
24749 24749
24749 24749
24749 24749
24749 24749
24749 24749
24749 24749
24749 24749
24749 24749
24749 24749
24749 24749
24749 24749
24749 24749
24749 24749
24749 24749
24749 24749
24749 24749
24749 24749
24749 24749
24749 24749
24749 24749
24749 24749
24749 24749
24749 24749
24749 24749
24749 24749
24749 24749
24749 24749
24750 24750
24750 24750
24750 24750
24750 24750
24750 24750
24750 24750
24750 24750
24750 24750
24750 24750
24750 24750
24750 24750
24750 24750
24750 24750
24750 24750
24750 24750
24750 24750
24750 24750
24750 24750
24750 24750
24750 24750
24750 24750
24750 24750
24750 24750
24750 24750
24750 24750
24750 24750
24750 24750
24750 24750
24750 24750
24750 24750
24750 24750
24750 24750
24750 24750
24750 24750
24750 24750
24750 24750
24750 24750
24750 24750
24750 24750
24750 24750
24750 24750
24750 24750
24750 24750
24750 24750
24750 24750
24750 24750
24750 24750
24750 24750
24750 24750
24750 24750
24750 24750
24750 24750
24750 24750
24750 24750
24750 24750
24750 24750
24750 24750
24750 24750
24750 24750
24750 24750
24750 24750
24750 24750
24750 24750
24750 24750
24750 24750
24750 24750
24750 24750
24750 24750
24751 24751
24751 24751
24751 24751
24751 24751
24751 24751
24751 24751
24751 24751
24751 24751
24751 24751
24751 24751
24751 24751
24751 24751
24751 24751
24751 24751
24751 24751
24751 24751
24751 24751
24751 24751
24751 24751
24751 24751
24751 24751
24751 24751
24751 24751
24751 24751
24751 24751
24751 24751
24751 24751
24751 24751
24751 24751
24751 24751
24751 24751
24751 24751
24751 24751
24751 24751
24751 24751
24751 24751
24751 24751
24751 24751
24751 24751
24751 24751
24751 24751
24751 24751
24751 24751
24751 24751
24751 24751
24751 24751
24751 24751
24751 24751
24751 24751
24751 24751
24751 24751
24751 24751
24751 24751
24751 24751
24751 24751
24751 24751
24751 24751
24751 24751
24751 24751
24751 24751
24751 24751
24751 24751
24751 24751
24751 24751
24751 24751
24751 24751
24751 24751
24751 24751
24751 24751
24751 24751
24751 24751
24751 24751
24751 24751
24751 24751
24751 24751
24751 24751
24751 24751
24751 24751
24751 24751
24751 24751
24751 24751
24751 24751
24751 24751
24751 24751
24751 24751
24751 24751
24751 24751
24751 24751
24751 24751
24751 24751
24751 24751
24751 24751
24751 24751
24751 24751
24751 24751
24751 24751
24751 24751
24751 24751
24751 24751
24751 24751
24751 24751
24751 24751
24751 24751
24751 24751
24751 24751
24751 24751
24751 24751
24751 24751
24751 24751
24751 24751
24751 24751
24751 24751
24751 24751
24751 24751
24751 24751
24751 24751
24751 24751
24751 24751
24751 24751
24751 24751
24751 24751
24751 24751
24751 24751
24751 24751
24751 24751
24751 24751
24751 24751
24751 24751
24751 24751
24751 24751
24751 24751
24751 24751
24751 24751
24751 24751
24751 24751
24751 24751
24751 24751
24751 24751
24751 24751
24751 24751
24751 24751
24751 24751
24751 24751
24751 24751
24751 24751
24751 24751
24751 24751
24751 24751
24751 24751
24751 24751
24751 24751
24751 24751
24751 24751
24751 24751
24751 24751
24751 24751
24751 24751
24751 24751
24751 24751
24751 24751
24751 24751
24751 24751
24751 24751
24751 24751
24751 24751
24751 24751
24751 24751
24751 24751
24751 24751
24751 24751
24751 24751
24751 24751
24751 24751
24751 24751
24751 24751
24751 24751
24751 24751
24751 24751
24751 24751
24751 24751
24751 24751
24751 24751
24751 24751
24751 24751
24751 24751
24751 24751
24751 24751
24751 24751
24751 24751
24751 24751
24751 24751
24751 24751
24751 24751
24751 24751
24751 24751
24751 24751
24751 24751
24751 24751
24751 24751
24751 24751
24751 24751
24751 24751
24751 24751
24751 24751
24751 24751
24751 24751
24751 24751
24751 24751
24751 24751
24751 24751
24751 24751
24751 24751
24751 24751
24751 24751
24751 24751
24751 24751
24751 24751
24751 24751
24751 24751
24751 24751
24751 24751
24751 24751
24751 24751
24751 24751
24751 24751
24751 24751
24751 24751
24751 24751
24751 24751
24751 24751
24751 24751
24751 24751
24751 24751
24751 24751
24751 24751
24751 24751
24751 24751
24751 24751
24751 24751
24751 24751
24751 24751
24751 24751
24751 24751
24751 24751
24751 24751
24751 24751
24751 24751
24751 24751
24751 24751
24751 24751
24751 24751
24751 24751
24751 24751
24751 24751
24751 24751
24751 24751
24751 24751
24751 24751
24751 24751
24751 24751
24751 24751
24751 24751
24751 24751
24751 24751
24751 24751
24751 24751
24751 24751
24751 24751
24751 24751
24751 24751
24751 24751
24751 24751
24751 24751
24751 24751
24751 24751
24751 24751
24751 24751
24751 24751
24751 24751
24751 24751
24751 24751
24751 24751
24751 24751
24751 24751
24751 24751
24751 24751
24751 24751
24751 24751
24751 24751
24751 24751
24751 24751
24751 24751
24751 24751
24751 24751
24751 24751
24751 24751
24751 24751
24751 24751
24751 24751
24751 24751
24751 24751
24751 24751
24751 24751
24751 24751
24751 24751
24751 24751
24751 24751
24751 24751
24751 24751
24751 24751
24751 24751
24751 24751
24751 24751
24751 24751
24751 24751
24751 24751
24751 24751
24751 24751
24751 24751
24751 24751
24751 24751
24751 24751
24751 24751
24751 24751
24751 24751
24751 24751
24751 24751
24751 24751
24751 24751
24751 24751
24751 24751
24751 24751
24751 24751
24751 24751
24751 24751
24751 24751
24751 24751
24751 24751
24751 24751
24751 24751
24751 24751
24751 24751
24751 24751
24751 24751
24751 24751
24751 24751
24751 24751
24751 24751
24751 24751
24751 24751
24751 24751
24751 24751
24751 24751
24751 24751
24751 24751
24751 24751
24751 24751
24751 24751
24751 24751
24751 24751
24751 24751
24751 24751
24751 24751
24751 24751
24751 24751
24751 24751
24751 24751
24751 24751
24751 24751
24751 24751
24751 24751
24751 24751
24751 24751
24751 24751
24751 24751
24751 24751
24751 24751
24751 24751
24751 24751
24751 24751
24751 24751
24751 24751
24751 24751
24751 24751
24751 24751
24751 24751
24751 24751
24751 24751
24751 24751
24751 24751
24751 24751
24751 24751
24751 24751
24751 24751
24751 24751
24751 24751
24751 24751
24751 24751
24751 24751
24751 24751
24751 24751
24751 24751
24751 24751
24751 24751
24751 24751
24751 24751
24751 24751
24751 24751
24751 24751
24751 24751
24751 24751
24751 24751
24751 24751
24751 24751
24751 24751
24751 24751
24751 24751
24751 24751
24751 24751
24751 24751
24751 24751
24751 24751
24751 24751
24751 24751
24751 24751
24751 24751
24751 24751
24751 24751
24751 24751
24751 24751
24751 24751
24751 24751
24751 24751
24751 24751
24751 24751
24751 24751
24751 24751
24751 24751
24751 24751
24751 24751
24751 24751
24751 24751
24751 24751
24751 24751
24751 24751
24751 24751
24751 24751
24751 24751
24751 24751
24751 24751
24751 24751
24751 24751
24751 24751
24751 24751
24751 24751
24751 24751
24751 24751
24751 24751
24751 24751
24751 24751
24751 24751
24751 24751
24751 24751
24751 24751
24751 24751
24751 24751
24751 24751
24751 24751
24751 24751
24751 24751
24751 24751
24751 24751
24751 24751
24751 24751
24751 24751
24751 24751
24751 24751
24751 24751
24751 24751
24751 24751
24751 24751
24751 24751
24751 24751
24751 24751
24751 24751
24751 24751
24751 24751
24751 24751
24751 24751
24751 24751
24751 24751
24751 24751
24751 24751
24751 24751
24751 24751
24751 24751
24751 24751
24751 24751
24751 24751
24751 24751
24751 24751
24751 24751
24751 24751
24751 24751
24751 24751
24751 24751
24751 24751
24751 24751
24751 24751
24751 24751
24751 24751
24751 24751
24751 24751
24751 24751
24751 24751
24751 24751
24751 24751
24751 24751
24751 24751
24751 24751
24751 24751
24751 24751
24751 24751
24751 24751
24751 24751
24751 24751
24751 24751
24751 24751
24751 24751
24751 24751
24751 24751
24751 24751
24751 24751
24751 24751
24751 24751
24751 24751
24751 24751
24751 24751
24751 24751
24751 24751
24751 24751
24751 24751
24751 24751
24751 24751
24751 24751
24751 24751
24751 24751
24751 24751
24751 24751
24751 24751
24751 24751
24751 24751
24751 24751
24751 24751
24751 24751
24751 24751
24751 24751
24751 24751
24751 24751
24751 24751
24751 24751
24751 24751
24751 24751
24751 24751
24751 24751
24751 24751
24751 24751
24751 24751
24751 24751
24751 24751
24751 24751
24751 24751
24751 24751
24751 24751
24751 24751
24751 24751
24751 24751
24751 24751
24751 24751
24751 24751
24751 24751
24751 24751
24751 24751
24751 24751
24751 24751
24751 24751
24751 24751
24751 24751
24751 24751
24751 24751
24751 24751
24751 24751
24751 24751
24751 24751
24751 24751
24751 24751
24751 24751
24751 24751
24751 24751
24751 24751
24751 24751
24751 24751
24751 24751
24751 24751
24751 24751
24751 24751
24751 24751
24751 24751
24751 24751
24751 24751
24751 24751
24751 24751
24751 24751
24751 24751
24751 24751
24751 24751
24751 24751
24751 24751
24751 24751
24751 24751
24751 24751
24751 24751
24751 24751
24751 24751
24751 24751
24751 24751
24751 24751
24751 24751
24751 24751
24751 24751
24751 24751
24751 24751
24751 24751
24751 24751
24751 24751
24751 24751
24751 24751
24751 24751
24751 24751
24751 24751
24751 24751
24751 24751
24751 24751
24751 24751
24751 24751
24751 24751
24751 24751
24751 24751
24751 24751
24751 24751
24751 24751
24751 24751
24751 24751
24751 24751
24751 24751
24751 24751
24751 24751
24751 24751
24751 24751
24751 24751
24751 24751
24751 24751
24751 24751
24751 24751
24751 24751
24751 24751
24751 24751
24751 24751
24751 24751
24751 24751
24751 24751
24751 24751
24751 24751
24751 24751
24751 24751
24751 24751
24751 24751
24751 24751
24751 24751
24751 24751
24751 24751
24751 24751
24751 24751
24751 24751
24751 24751
24751 24751
24751 24751
24751 24751
24751 24751
24751 24751
24751 24751
24751 24751
24751 24751
24751 24751
24751 24751
24751 24751
24751 24751
24751 24751
24751 24751
24751 24751
24751 24751
24751 24751
24751 24751
24751 24751
24751 24751
24751 24751
24751 24751
24751 24751
24751 24751
24751 24751
24751 24751
24751 24751
24751 24751
24751 24751
24751 24751
24751 24751
24751 24751
24751 24751
24751 24751
24751 24751
24751 24751
24751 24751
24751 24751
24751 24751
24751 24751
24751 24751
24751 24751
24751 24751
24751 24751
24751 24751
24751 24751
24751 24751
24751 24751
24751 24751
24751 24751
24751 24751
24751 24751
24751 24751
24751 24751
24751 24751
24751 24751
24751 24751
24751 24751
24751 24751
24751 24751
24751 24751
24751 24751
24751 24751
24751 24751
24751 24751
24751 24751
24751 24751
24751 24751
24751 24751
24751 24751
24751 24751
24751 24751
24751 24751
24751 24751
24751 24751
24751 24751
24751 24751
24751 24751
24751 24751
24751 24751
24751 24751
24751 24751
24751 24751
24751 24751
24751 24751
24751 24751
24751 24751
24751 24751
24751 24751
24751 24751
24751 24751
24751 24751
24751 24751
24751 24751
24751 24751
24751 24751
24751 24751
24751 24751
24751 24751
24751 24751
24751 24751
24751 24751
24751 24751
24751 24751
24751 24751
24751 24751
24751 24751
24751 24751
24751 24751
24751 24751
24751 24751
24751 24751
24751 24751
24751 24751
24751 24751
24751 24751
24751 24751
24751 24751
24751 24751
24751 24751
24751 24751
24751 24751
24751 24751
24751 24751
24751 24751
24751 24751
24751 24751
24751 24751
24751 24751
24751 24751
24751 24751
24751 24751
24751 24751
24751 24751
24751 24751
24751 24751
24751 24751
